400	0.004563 	0.000186 	0.000656 	0.001436 	0.001438 
401	0.004716 	0.000296 	0.001043 	0.001524 	0.001526 
402	0.004862 	0.000346 	0.001221 	0.001614 	0.001617 
403	0.005007 	0.000307 	0.001006 	0.001710 	0.001570 
404	0.005131 	0.000266 	0.000804 	0.001804 	0.001506 
405	0.005411 	0.000310 	0.000936 	0.001903 	0.001588 
406	0.005674 	0.000403 	0.001217 	0.001995 	0.001665 
407	0.005763 	0.000421 	0.001271 	0.001914 	0.001742 
408	0.005835 	0.000313 	0.000947 	0.001816 	0.001819 
409	0.006088 	0.000218 	0.000528 	0.001895 	0.001708 
410	0.006333 	0.000138 	0.000279 	0.001971 	0.001579 
411	0.006338 	0.000092 	0.000185 	0.002037 	0.001632 
412	0.006329 	0.000077 	0.000156 	0.002102 	0.001684 
413	0.006539 	0.000078 	0.000158 	0.002171 	0.001740 
414	0.006739 	0.000091 	0.000183 	0.002238 	0.001793 
415	0.006929 	0.000118 	0.000218 	0.002071 	0.001843 
416	0.007099 	0.000166 	0.000279 	0.001886 	0.001888 
417	0.007028 	0.000247 	0.000414 	0.001931 	0.001934 
418	0.006937 	0.000372 	0.000625 	0.001974 	0.001977 
419	0.007086 	0.000551 	0.000925 	0.002017 	0.002020 
420	0.007246 	0.000781 	0.001311 	0.002062 	0.002065 
421	0.007387 	0.001041 	0.001747 	0.002102 	0.002105 
422	0.007528 	0.001301 	0.002185 	0.002143 	0.002146 
423	0.007386 	0.001528 	0.002566 	0.002180 	0.002183 
424	0.007241 	0.001700 	0.002855 	0.002219 	0.002222 
425	0.007380 	0.001815 	0.003047 	0.001979 	0.002265 
426	0.007507 	0.001880 	0.003156 	0.001726 	0.002304 
427	0.007341 	0.001928 	0.002913 	0.001755 	0.002343 
428	0.007169 	0.001978 	0.002656 	0.001785 	0.002384 
429	0.007279 	0.002031 	0.002727 	0.001813 	0.002420 
430	0.007402 	0.002090 	0.002806 	0.001843 	0.002461 
431	0.007519 	0.002141 	0.002875 	0.001873 	0.002500 
432	0.007633 	0.002183 	0.002932 	0.001901 	0.002538 
433	0.007748 	0.002217 	0.002605 	0.001930 	0.002254 
434	0.007847 	0.002245 	0.002261 	0.001954 	0.001957 
435	0.007963 	0.002280 	0.002296 	0.001983 	0.001986 
436	0.008068 	0.002312 	0.002329 	0.002009 	0.002012 
437	0.008167 	0.002729 	0.002356 	0.001695 	0.002037 
438	0.008267 	0.003148 	0.002378 	0.001373 	0.002062 
439	0.008368 	0.003961 	0.002394 	0.001389 	0.002087 
440	0.008461 	0.004782 	0.002408 	0.001405 	0.002110 
441	0.009263 	0.006023 	0.002427 	0.001420 	0.002132 
442	0.010086 	0.007308 	0.002454 	0.001435 	0.002156 
443	0.011641 	0.010709 	0.002489 	0.001450 	0.002540 
444	0.013236 	0.014234 	0.002530 	0.001465 	0.002934 
445	0.020046 	0.026768 	0.002996 	0.001849 	0.002962 
446	0.026959 	0.039572 	0.003466 	0.002238 	0.002988 
447	0.043825 	0.083458 	0.003503 	0.003011 	0.003015 
448	0.060884 	0.127863 	0.003529 	0.003791 	0.003037 
449	0.080137 	0.196583 	0.003996 	0.003820 	0.003442 
450	0.099739 	0.266454 	0.004473 	0.003851 	0.003856 
451	0.110869 	0.320897 	0.004959 	0.003875 	0.003881 
452	0.122200 	0.376114 	0.005451 	0.003902 	0.003907 
453	0.127216 	0.401265 	0.005487 	0.003923 	0.003929 
454	0.132391 	0.426505 	0.005520 	0.003949 	0.003954 
455	0.135554 	0.439201 	0.005547 	0.004369 	0.003977 
456	0.138735 	0.451775 	0.005572 	0.004793 	0.004000 
457	0.141443 	0.462281 	0.005593 	0.005218 	0.004422 
458	0.144288 	0.473483 	0.005622 	0.005652 	0.004852 
459	0.147488 	0.486003 	0.005659 	0.005682 	0.004877 
460	0.150584 	0.497868 	0.005688 	0.005707 	0.004898 
461	0.153155 	0.508879 	0.005722 	0.005726 	0.004915 
462	0.155989 	0.519829 	0.005754 	0.005755 	0.004940 
463	0.158246 	0.529344 	0.006261 	0.005365 	0.005372 
464	0.160570 	0.538573 	0.006769 	0.004973 	0.005809 
465	0.162823 	0.549253 	0.006788 	0.004991 	0.005831 
466	0.165140 	0.559976 	0.006807 	0.005010 	0.005854 
467	0.167332 	0.571975 	0.007317 	0.005026 	0.006291 
468	0.169533 	0.584312 	0.007834 	0.005041 	0.006731 
469	0.171255 	0.597690 	0.008355 	0.005476 	0.006749 
470	0.172941 	0.610816 	0.008874 	0.005911 	0.006765 
471	0.174291 	0.620840 	0.008898 	0.006352 	0.006361 
472	0.175546 	0.630521 	0.008917 	0.006791 	0.005951 
473	0.175870 	0.635114 	0.008926 	0.007229 	0.005536 
474	0.176319 	0.639324 	0.008930 	0.007674 	0.005123 
475	0.177038 	0.641468 	0.008933 	0.006832 	0.005559 
476	0.177746 	0.643167 	0.008929 	0.005988 	0.005996 
477	0.179311 	0.647609 	0.008922 	0.005569 	0.006005 
478	0.180977 	0.652518 	0.008922 	0.005151 	0.006018 
479	0.184096 	0.663646 	0.009415 	0.004735 	0.005604 
480	0.187078 	0.674800 	0.009908 	0.004314 	0.005184 
481	0.189446 	0.687615 	0.010382 	0.004318 	0.004757 
482	0.191884 	0.700369 	0.010853 	0.004325 	0.004331 
483	0.194346 	0.711423 	0.011335 	0.004331 	0.003903 
484	0.196922 	0.722901 	0.011824 	0.004340 	0.003477 
485	0.200413 	0.733413 	0.011836 	0.004784 	0.003484 
486	0.203821 	0.744448 	0.011855 	0.005228 	0.003490 
487	0.206675 	0.751645 	0.010879 	0.005670 	0.003931 
488	0.209446 	0.759385 	0.009908 	0.006111 	0.004371 
489	0.212737 	0.769691 	0.009443 	0.006991 	0.004813 
490	0.215870 	0.779746 	0.008970 	0.007867 	0.005252 
491	0.218950 	0.791478 	0.007997 	0.007868 	0.006128 
492	0.222216 	0.804475 	0.007029 	0.007875 	0.007009 
493	0.224652 	0.817531 	0.007055 	0.007445 	0.007017 
494	0.226996 	0.830235 	0.007078 	0.007012 	0.007021 
495	0.228352 	0.839671 	0.006592 	0.006136 	0.006584 
496	0.229698 	0.848524 	0.006098 	0.005260 	0.006145 
497	0.230888 	0.851477 	0.006097 	0.004819 	0.006142 
498	0.232206 	0.854867 	0.006100 	0.004381 	0.006142 
499	0.232837 	0.855093 	0.006105 	0.004385 	0.006586 
500	0.233326 	0.854552 	0.006105 	0.004385 	0.007027 
501	0.234375 	0.854403 	0.006608 	0.004389 	0.007471 
502	0.235070 	0.853729 	0.007107 	0.004385 	0.007904 
503	0.236321 	0.859482 	0.007612 	0.004822 	0.008780 
504	0.237735 	0.866163 	0.008125 	0.005263 	0.009662 
505	0.240185 	0.880078 	0.008631 	0.005697 	0.009654 
506	0.242722 	0.895462 	0.009152 	0.006132 	0.009650 
507	0.246017 	0.913088 	0.010688 	0.007002 	0.009203 
508	0.249443 	0.930248 	0.012222 	0.007874 	0.008762 
509	0.253267 	0.944338 	0.014775 	0.008308 	0.008319 
510	0.256788 	0.956270 	0.017291 	0.008730 	0.007868 
511	0.261164 	0.967608 	0.022831 	0.008716 	0.007855 
512	0.265698 	0.979011 	0.028348 	0.008706 	0.007847 
513	0.269958 	0.989623 	0.042922 	0.008268 	0.007408 
514	0.274052 	1.000000 	0.057414 	0.007825 	0.006965 
515	0.277949 	0.993138 	0.091992 	0.007378 	0.006519 
516	0.281825 	0.985797 	0.126376 	0.006932 	0.006074 
517	0.285014 	0.917459 	0.199566 	0.006925 	0.006068 
518	0.288198 	0.849700 	0.272916 	0.006918 	0.006062 
519	0.291666 	0.719545 	0.376439 	0.006907 	0.006052 
520	0.295262 	0.588871 	0.479738 	0.006900 	0.006046 
521	0.297097 	0.456585 	0.569235 	0.007323 	0.006040 
522	0.298838 	0.324116 	0.657947 	0.007743 	0.006031 
523	0.301514 	0.240588 	0.702024 	0.008164 	0.006454 
524	0.304093 	0.157152 	0.744675 	0.008581 	0.006875 
525	0.305966 	0.118234 	0.756736 	0.009002 	0.006868 
526	0.308022 	0.079573 	0.768855 	0.009428 	0.006866 
527	0.310342 	0.062188 	0.776827 	0.009848 	0.007289 
528	0.312718 	0.045027 	0.786797 	0.010270 	0.007713 
529	0.315263 	0.036692 	0.797817 	0.009841 	0.008141 
530	0.317443 	0.028374 	0.809104 	0.009401 	0.008559 
531	0.319820 	0.024496 	0.822638 	0.008968 	0.008981 
532	0.322370 	0.020604 	0.836088 	0.008541 	0.009408 
533	0.324539 	0.018188 	0.848173 	0.008114 	0.009836 
534	0.326516 	0.015734 	0.858794 	0.007683 	0.010259 
535	0.328770 	0.014274 	0.871062 	0.007686 	0.010262 
536	0.330644 	0.012794 	0.882240 	0.007680 	0.010254 
537	0.332791 	0.012303 	0.895242 	0.007680 	0.010681 
538	0.335288 	0.011819 	0.908707 	0.007688 	0.011120 
539	0.337419 	0.011321 	0.921670 	0.007688 	0.010692 
540	0.339519 	0.010842 	0.936185 	0.007687 	0.010263 
541	0.341134 	0.010364 	0.949996 	0.008122 	0.010273 
542	0.342773 	0.009894 	0.964737 	0.008558 	0.010284 
543	0.343411 	0.009914 	0.975636 	0.008991 	0.010290 
544	0.344175 	0.009935 	0.986673 	0.009428 	0.010300 
545	0.344856 	0.010440 	0.992997 	0.009864 	0.010307 
546	0.345521 	0.010945 	0.999230 	0.010300 	0.010314 
547	0.346271 	0.011434 	1.000000 	0.010309 	0.010754 
548	0.347026 	0.011909 	0.999636 	0.010319 	0.011195 
549	0.347555 	0.012384 	0.996880 	0.010335 	0.011212 
550	0.348204 	0.012864 	0.994718 	0.010354 	0.011233 
551	0.348394 	0.013808 	0.988460 	0.010360 	0.010807 
552	0.349036 	0.014789 	0.985123 	0.010379 	0.010393 
553	0.349088 	0.016267 	0.981606 	0.009960 	0.009541 
554	0.349003 	0.017774 	0.979711 	0.009537 	0.008682 
555	0.349131 	0.018822 	0.978859 	0.009118 	0.008261 
556	0.349323 	0.019893 	0.978844 	0.008699 	0.007840 
557	0.348831 	0.020976 	0.978457 	0.008274 	0.007849 
558	0.348331 	0.022081 	0.978633 	0.007847 	0.007858 
559	0.347875 	0.022181 	0.979005 	0.007420 	0.008304 
560	0.347492 	0.022260 	0.978414 	0.006993 	0.008754 
561	0.348045 	0.022330 	0.978419 	0.006566 	0.009644 
562	0.348361 	0.022369 	0.977060 	0.006134 	0.010531 
563	0.350099 	0.021370 	0.976857 	0.006149 	0.010996 
564	0.351275 	0.020363 	0.976295 	0.006154 	0.011446 
565	0.353698 	0.019870 	0.977629 	0.006166 	0.011467 
566	0.355653 	0.019334 	0.976800 	0.006169 	0.011473 
567	0.357767 	0.018831 	0.978099 	0.006175 	0.011042 
568	0.359978 	0.018338 	0.980021 	0.006183 	0.010614 
569	0.362156 	0.018351 	0.980702 	0.006632 	0.009297 
570	0.364349 	0.018393 	0.982922 	0.007082 	0.007978 
571	0.367026 	0.018413 	0.980900 	0.007534 	0.007101 
572	0.369965 	0.018470 	0.980857 	0.007992 	0.006225 
573	0.372050 	0.019000 	0.977580 	0.008888 	0.006230 
574	0.374167 	0.019535 	0.974506 	0.009785 	0.006236 
575	0.376359 	0.020082 	0.972517 	0.010686 	0.006242 
576	0.378847 	0.020648 	0.971282 	0.011598 	0.006254 
577	0.379295 	0.021170 	0.967879 	0.012490 	0.006254 
578	0.380721 	0.021744 	0.966825 	0.013417 	0.006270 
579	0.380173 	0.021780 	0.964763 	0.013429 	0.006724 
580	0.379754 	0.021810 	0.962405 	0.013446 	0.007181 
581	0.378828 	0.021878 	0.962278 	0.012579 	0.007648 
582	0.377901 	0.021920 	0.960972 	0.011708 	0.008117 
583	0.375968 	0.021411 	0.961038 	0.010817 	0.009026 
584	0.374531 	0.020913 	0.961615 	0.009937 	0.009951 
585	0.373296 	0.020381 	0.956954 	0.008595 	0.010419 
586	0.372226 	0.019852 	0.952470 	0.007253 	0.010894 
587	0.371916 	0.019246 	0.925284 	0.006802 	0.010899 
588	0.372257 	0.018601 	0.896206 	0.006362 	0.010922 
589	0.371616 	0.017820 	0.815402 	0.005905 	0.010916 
590	0.372016 	0.016886 	0.729362 	0.005463 	0.010942 
591	0.372701 	0.016169 	0.599243 	0.005017 	0.010962 
592	0.373989 	0.015046 	0.465359 	0.004577 	0.011000 
593	0.375299 	0.013476 	0.333753 	0.004128 	0.010106 
594	0.376515 	0.011585 	0.215539 	0.003677 	0.009206 
595	0.378439 	0.009806 	0.136589 	0.003687 	0.008769 
596	0.379952 	0.007979 	0.075902 	0.003693 	0.008320 
597	0.382150 	0.006312 	0.044502 	0.003696 	0.007865 
598	0.384809 	0.004920 	0.023216 	0.003704 	0.007418 
599	0.387138 	0.003891 	0.013619 	0.003708 	0.006963 
600	0.389669 	0.003077 	0.007379 	0.003715 	0.006510 
601	0.393620 	0.002445 	0.004477 	0.003721 	0.006055 
602	0.397713 	0.001962 	0.002578 	0.003729 	0.005601 
603	0.401768 	0.001620 	0.001632 	0.004203 	0.006080 
604	0.406007 	0.001353 	0.000996 	0.004681 	0.006563 
605	0.410831 	0.001116 	0.000687 	0.004688 	0.006572 
606	0.415493 	0.000932 	0.000469 	0.004693 	0.006579 
607	0.421522 	0.000760 	0.000328 	0.005172 	0.008005 
608	0.427967 	0.000628 	0.000226 	0.005659 	0.009445 
609	0.434292 	0.000525 	0.000170 	0.006133 	0.010866 
610	0.441487 	0.000440 	0.000127 	0.006620 	0.012312 
611	0.449686 	0.000368 	0.000101 	0.007576 	0.013277 
612	0.458271 	0.000309 	0.000081 	0.008542 	0.014256 
613	0.466914 	0.000255 	0.000064 	0.009502 	0.014273 
614	0.476110 	0.000213 	0.000052 	0.010476 	0.014306 
615	0.486052 	0.000179 	0.000041 	0.012403 	0.012898 
616	0.495673 	0.000151 	0.000033 	0.014326 	0.011477 
617	0.505901 	0.000130 	0.000029 	0.018186 	0.010064 
618	0.515192 	0.000114 	0.000026 	0.022022 	0.008629 
619	0.526150 	0.000097 	0.000020 	0.027838 	0.007690 
620	0.537100 	0.000084 	0.000016 	0.033680 	0.006745 
621	0.545755 	0.000077 	0.000015 	0.045746 	0.006751 
622	0.554837 	0.000069 	0.000013 	0.057875 	0.006762 
623	0.562913 	0.000065 	0.000012 	0.080659 	0.006771 
624	0.571301 	0.000061 	0.000011 	0.103561 	0.006785 
625	0.578316 	0.000057 	0.000010 	0.147654 	0.007272 
626	0.586226 	0.000054 	0.000009 	0.192070 	0.007771 
627	0.590619 	0.000051 	0.000010 	0.266504 	0.008750 
628	0.595202 	0.000048 	0.000010 	0.341168 	0.009734 
629	0.598282 	0.000050 	0.000010 	0.439195 	0.012190 
630	0.600497 	0.000046 	0.000009 	0.536809 	0.014634 
631	0.604158 	0.000050 	0.000010 	0.627215 	0.018085 
632	0.607687 	0.000048 	0.000010 	0.717813 	0.021545 
633	0.610715 	0.000051 	0.000011 	0.770368 	0.023036 
634	0.613261 	0.000053 	0.000012 	0.822367 	0.024510 
635	0.618925 	0.000056 	0.000013 	0.844312 	0.023104 
636	0.623751 	0.000056 	0.000013 	0.865173 	0.021660 
637	0.628753 	0.000058 	0.000016 	0.873623 	0.019200 
638	0.634066 	0.000060 	0.000019 	0.882507 	0.016749 
639	0.641265 	0.000061 	0.000022 	0.893431 	0.014796 
640	0.647865 	0.000065 	0.000027 	0.903521 	0.012827 
641	0.655313 	0.000067 	0.000033 	0.915784 	0.011859 
642	0.662697 	0.000068 	0.000039 	0.927962 	0.010886 
643	0.669470 	0.000069 	0.000048 	0.938098 	0.010883 
644	0.677698 	0.000068 	0.000056 	0.950274 	0.010904 
645	0.685579 	0.000070 	0.000062 	0.958497 	0.011911 
646	0.693554 	0.000073 	0.000069 	0.966844 	0.012923 
647	0.698989 	0.000074 	0.000070 	0.970255 	0.014413 
648	0.705368 	0.000078 	0.000073 	0.974971 	0.015924 
649	0.710979 	0.000080 	0.000071 	0.977317 	0.018926 
650	0.716028 	0.000082 	0.000069 	0.978886 	0.021916 
651	0.720563 	0.000080 	0.000060 	0.982607 	0.023428 
652	0.725447 	0.000080 	0.000054 	0.986800 	0.024954 
653	0.727773 	0.000078 	0.000048 	0.989734 	0.024466 
654	0.730095 	0.000079 	0.000045 	0.992661 	0.023977 
655	0.730831 	0.000078 	0.000040 	0.995476 	0.021986 
656	0.732819 	0.000073 	0.000033 	1.000000 	0.020028 
657	0.732392 	0.000072 	0.000031 	0.999602 	0.017526 
658	0.732502 	0.000069 	0.000028 	0.999937 	0.015035 
659	0.731219 	0.000070 	0.000028 	0.997741 	0.013536 
660	0.730765 	0.000069 	0.000027 	0.996676 	0.012049 
661	0.726627 	0.000070 	0.000025 	0.988502 	0.011545 
662	0.723497 	0.000073 	0.000024 	0.981696 	0.011057 
663	0.718073 	0.000071 	0.000024 	0.972823 	0.011562 
664	0.712836 	0.000071 	0.000025 	0.964201 	0.012069 
665	0.707240 	0.000071 	0.000025 	0.957282 	0.014090 
666	0.701141 	0.000077 	0.000028 	0.949683 	0.016102 
667	0.695922 	0.000075 	0.000029 	0.945975 	0.019158 
668	0.690318 	0.000078 	0.000032 	0.941755 	0.022214 
669	0.684129 	0.000084 	0.000038 	0.938571 	0.025239 
670	0.678442 	0.000086 	0.000042 	0.936078 	0.028283 
671	0.674120 	0.000088 	0.000047 	0.933685 	0.027262 
672	0.670941 	0.000092 	0.000054 	0.932877 	0.026287 
673	0.668236 	0.000096 	0.000061 	0.929610 	0.022237 
674	0.666222 	0.000100 	0.000068 	0.927305 	0.018208 
675	0.665318 	0.000106 	0.000076 	0.921901 	0.014670 
676	0.664728 	0.000109 	0.000082 	0.916930 	0.011136 
677	0.664232 	0.000113 	0.000086 	0.910880 	0.009111 
678	0.663690 	0.000121 	0.000091 	0.904767 	0.007086 
679	0.664114 	0.000125 	0.000093 	0.900287 	0.006078 
680	0.664079 	0.000126 	0.000092 	0.895182 	0.005065 
681	0.665344 	0.000129 	0.000087 	0.893824 	0.005063 
682	0.667112 	0.000132 	0.000083 	0.893142 	0.005065 
683	0.669369 	0.000136 	0.000081 	0.890913 	0.004560 
684	0.672548 	0.000139 	0.000077 	0.889903 	0.004060 
685	0.674784 	0.000143 	0.000072 	0.871262 	0.004565 
686	0.677656 	0.000148 	0.000067 	0.853441 	0.005075 
687	0.679061 	0.000154 	0.000064 	0.800176 	0.006094 
688	0.680695 	0.000162 	0.000061 	0.747102 	0.007116 
689	0.680887 	0.000169 	0.000060 	0.658483 	0.009144 
690	0.682219 	0.000176 	0.000059 	0.570900 	0.011190 
691	0.679638 	0.000186 	0.000058 	0.474678 	0.013712 
692	0.678117 	0.000198 	0.000058 	0.379340 	0.016251 
693	0.675853 	0.000204 	0.000059 	0.303166 	0.015738 
694	0.674610 	0.000209 	0.000060 	0.227389 	0.015248 
695	0.672830 	0.000211 	0.000059 	0.180391 	0.012213 
696	0.670277 	0.000209 	0.000057 	0.133133 	0.009159 
697	0.668332 	0.000201 	0.000057 	0.106217 	0.007125 
698	0.666682 	0.000190 	0.000055 	0.079328 	0.005092 
699	0.664725 	0.000171 	0.000054 	0.064130 	0.004077 
700	0.662868 	0.000150 	0.000051 	0.048912 	0.003061 
701	0.659185 	0.000129 	0.000046 	0.040213 	0.002549 
702	0.657098 	0.000110 	0.000042 	0.031607 	0.002042 
703	0.653883 	0.000091 	0.000039 	0.026503 	0.002042 
704	0.651182 	0.000074 	0.000035 	0.021419 	0.002043 
705	0.648340 	0.000060 	0.000031 	0.018351 	0.002042 
706	0.645437 	0.000049 	0.000027 	0.015284 	0.002041 
707	0.645722 	0.000042 	0.000025 	0.013263 	0.002043 
708	0.644994 	0.000033 	0.000022 	0.011218 	0.002043 
709	0.646224 	0.000028 	0.000020 	0.010194 	0.002042 
710	0.647648 	0.000025 	0.000020 	0.009173 	0.002041 
711	0.650861 	0.000024 	0.000020 	0.008155 	0.002042 
712	0.653688 	0.000021 	0.000020 	0.007133 	0.002041 
713	0.657420 	0.000017 	0.000017 	0.006620 	0.002040 
714	0.661446 	0.000015 	0.000016 	0.006110 	0.002040 
715	0.665239 	0.000015 	0.000017 	0.005594 	0.002037 
716	0.669710 	0.000014 	0.000017 	0.005085 	0.002037 
717	0.673855 	0.000013 	0.000016 	0.004577 	0.002037 
718	0.678508 	0.000012 	0.000015 	0.004072 	0.002039 
719	0.681504 	0.000014 	0.000018 	0.004077 	0.002042 
720	0.683717 	0.000015 	0.000019 	0.004078 	0.002042 
721	0.683621 	0.000013 	0.000017 	0.003563 	0.002039 
722	0.685182 	0.000014 	0.000017 	0.003056 	0.002040 
723	0.685575 	0.000015 	0.000019 	0.003056 	0.002040 
724	0.685371 	0.000016 	0.000019 	0.003052 	0.002038 
725	0.684266 	0.000017 	0.000019 	0.003050 	0.002036 
726	0.684373 	0.000018 	0.000018 	0.003053 	0.002038 
727	0.683961 	0.000019 	0.000018 	0.003053 	0.002038 
728	0.683744 	0.000022 	0.000019 	0.003054 	0.002039 
729	0.683605 	0.000026 	0.000020 	0.003056 	0.002040 
730	0.682929 	0.000028 	0.000019 	0.003055 	0.002040 
731	0.680875 	0.000032 	0.000018 	0.003053 	0.002038 
732	0.679514 	0.000035 	0.000018 	0.003054 	0.002039 
733	0.677438 	0.000034 	0.000015 	0.003056 	0.002040 
734	0.674239 	0.000041 	0.000016 	0.003053 	0.002038 
735	0.671341 	0.000042 	0.000016 	0.003051 	0.002037 
736	0.669614 	0.000047 	0.000017 	0.003055 	0.002040 
737	0.667257 	0.000043 	0.000016 	0.003058 	0.002042 
738	0.664988 	0.000037 	0.000014 	0.003062 	0.002044 
739	0.662909 	0.000032 	0.000013 	0.003062 	0.002555 
740	0.660423 	0.000028 	0.000013 	0.003060 	0.003064 
741	0.658883 	0.000028 	0.000014 	0.003060 	0.003064 
742	0.657619 	0.000021 	0.000012 	0.003061 	0.003065 
743	0.656460 	0.000014 	0.000008 	0.003058 	0.003062 
744	0.655783 	0.000012 	0.000008 	0.003057 	0.003062 
745	0.657065 	0.000011 	0.000008 	0.003571 	0.003576 
746	0.657808 	0.000010 	0.000008 	0.004083 	0.004088 
747	0.656915 	0.000008 	0.000007 	0.004077 	0.004593 
748	0.657462 	0.000006 	0.000005 	0.004081 	0.005108 
749	0.658555 	0.000006 	0.000006 	0.004078 	0.005615 
750	0.658611 	0.000005 	0.000004 	0.004069 	0.006112 
751	0.660052 	0.000005 	0.000005 	0.004577 	0.007638 
752	0.661261 	0.000006 	0.000006 	0.005083 	0.009162 
753	0.664518 	0.000005 	0.000005 	0.005593 	0.011201 
754	0.667645 	0.000005 	0.000005 	0.006102 	0.013239 
755	0.670944 	0.000005 	0.000005 	0.006094 	0.017292 
756	0.675220 	0.000004 	0.000005 	0.006096 	0.021367 
757	0.681948 	0.000005 	0.000006 	0.006610 	0.029533 
758	0.687471 	0.000004 	0.000005 	0.007112 	0.037647 
759	0.693914 	0.000006 	0.000007 	0.007624 	0.052934 
760	0.699803 	0.000005 	0.000007 	0.008130 	0.068181 
761	0.707200 	0.000005 	0.000006 	0.008641 	0.098745 
762	0.714499 	0.000004 	0.000005 	0.009151 	0.129313 
763	0.722786 	0.000005 	0.000007 	0.009153 	0.183309 
764	0.731564 	0.000006 	0.000008 	0.009160 	0.237482 
765	0.739512 	0.000006 	0.000008 	0.009673 	0.317104 
766	0.746444 	0.000006 	0.000009 	0.010172 	0.396245 
767	0.753564 	0.000007 	0.000010 	0.010165 	0.480957 
768	0.760770 	0.000006 	0.000009 	0.010159 	0.565618 
769	0.767669 	0.000008 	0.000011 	0.010670 	0.628913 
770	0.773788 	0.000009 	0.000013 	0.011171 	0.691550 
771	0.777442 	0.000009 	0.000014 	0.011158 	0.722208 
772	0.781373 	0.000010 	0.000016 	0.011148 	0.753070 
773	0.785795 	0.000012 	0.000019 	0.011146 	0.766112 
774	0.789978 	0.000015 	0.000024 	0.011141 	0.778914 
775	0.793197 	0.000016 	0.000025 	0.011642 	0.787198 
776	0.796827 	0.000018 	0.000028 	0.012149 	0.795888 
777	0.802102 	0.000022 	0.000034 	0.012145 	0.804697 
778	0.807367 	0.000026 	0.000041 	0.012140 	0.813493 
779	0.813405 	0.000028 	0.000044 	0.012653 	0.823068 
780	0.818453 	0.000032 	0.000049 	0.013150 	0.831641 
781	0.823457 	0.000034 	0.000053 	0.013638 	0.838130 
782	0.829891 	0.000039 	0.000059 	0.014149 	0.846074 
783	0.835402 	0.000041 	0.000061 	0.014635 	0.850537 
784	0.840786 	0.000044 	0.000063 	0.015118 	0.854874 
785	0.847147 	0.000045 	0.000062 	0.015628 	0.861225 
786	0.853209 	0.000046 	0.000061 	0.016131 	0.867272 
787	0.859664 	0.000048 	0.000061 	0.017157 	0.874233 
788	0.864305 	0.000049 	0.000059 	0.018147 	0.879350 
789	0.869997 	0.000051 	0.000058 	0.019158 	0.886040 
790	0.874539 	0.000054 	0.000057 	0.020143 	0.891558 
791	0.881544 	0.000052 	0.000052 	0.021185 	0.900598 
792	0.886837 	0.000052 	0.000050 	0.022186 	0.907891 
793	0.890881 	0.000051 	0.000045 	0.023686 	0.913931 
794	0.895038 	0.000053 	0.000044 	0.025186 	0.920083 
795	0.899225 	0.000055 	0.000043 	0.026198 	0.926283 
796	0.903467 	0.000058 	0.000043 	0.027211 	0.932539 
797	0.906377 	0.000061 	0.000042 	0.028719 	0.936951 
798	0.906885 	0.000069 	0.000045 	0.030147 	0.938876 
799	0.908297 	0.000071 	0.000045 	0.030612 	0.942756 
800	0.912599 	0.000071 	0.000044 	0.031174 	0.949637 
801	0.914501 	0.000073 	0.000045 	0.031188 	0.954070 
802	0.915179 	0.000068 	0.000042 	0.031159 	0.957223 
803	0.917798 	0.000071 	0.000044 	0.030157 	0.961351 
804	0.920222 	0.000076 	0.000047 	0.029149 	0.965275 
805	0.923290 	0.000077 	0.000048 	0.028145 	0.968841 
806	0.925797 	0.000082 	0.000052 	0.027125 	0.971817 
807	0.930124 	0.000084 	0.000054 	0.026114 	0.974613 
808	0.933990 	0.000086 	0.000057 	0.025092 	0.976930 
809	0.938455 	0.000089 	0.000060 	0.024086 	0.978867 
810	0.941834 	0.000083 	0.000058 	0.023054 	0.979676 
811	0.946844 	0.000094 	0.000067 	0.022040 	0.982144 
812	0.951818 	0.000098 	0.000070 	0.021026 	0.984577 
813	0.955247 	0.000111 	0.000079 	0.020002 	0.985955 
814	0.959974 	0.000119 	0.000085 	0.019006 	0.988673 
815	0.964636 	0.000127 	0.000091 	0.017989 	0.990294 
816	0.969827 	0.000139 	0.000101 	0.016984 	0.992462 
817	0.974222 	0.000151 	0.000106 	0.016491 	0.994854 
818	0.977260 	0.000163 	0.000111 	0.015975 	0.995862 
819	0.981934 	0.000182 	0.000121 	0.015479 	0.998028 
820	0.986229 	0.000195 	0.000126 	0.014976 	0.999809 
821	0.990427 	0.000216 	0.000138 	0.014979 	1.000000 
822	0.993934 	0.000227 	0.000142 	0.014971 	0.999494 
823	0.997273 	0.000247 	0.000149 	0.014477 	0.997828 
824	0.999065 	0.000268 	0.000155 	0.013961 	0.994619 
825	1.000000 	0.000278 	0.000157 	0.013960 	0.991059 
826	0.999572 	0.000283 	0.000156 	0.013940 	0.986154 
827	0.998300 	0.000291 	0.000157 	0.013929 	0.979912 
828	0.996923 	0.000293 	0.000155 	0.013917 	0.973575 
829	0.992957 	0.000290 	0.000151 	0.014386 	0.967176 
830	0.990388 	0.000281 	0.000144 	0.014873 	0.962145 
831	0.987257 	0.000273 	0.000139 	0.014856 	0.956076 
832	0.984417 	0.000266 	0.000134 	0.014843 	0.950295 
833	0.980285 	0.000254 	0.000129 	0.014826 	0.944725 
834	0.976332 	0.000243 	0.000125 	0.014811 	0.939333 
835	0.974227 	0.000229 	0.000119 	0.015287 	0.934803 
836	0.973412 	0.000217 	0.000114 	0.015783 	0.931514 
837	0.972094 	0.000202 	0.000111 	0.016271 	0.927743 
838	0.971004 	0.000191 	0.000110 	0.016762 	0.924192 
839	0.970830 	0.000183 	0.000106 	0.017243 	0.921089 
840	0.971552 	0.000171 	0.000101 	0.017740 	0.918838 
841	0.969638 	0.000160 	0.000099 	0.017714 	0.915031 
842	0.969161 	0.000152 	0.000099 	0.017714 	0.912583 
843	0.970846 	0.000142 	0.000097 	0.018210 	0.909817 
844	0.972757 	0.000138 	0.000098 	0.018711 	0.907259 
845	0.973263 	0.000130 	0.000094 	0.018711 	0.903818 
846	0.973021 	0.000125 	0.000091 	0.018697 	0.899686 
847	0.970674 	0.000115 	0.000088 	0.019123 	0.893169 
848	0.970936 	0.000113 	0.000090 	0.019599 	0.889070 
849	0.967596 	0.000105 	0.000086 	0.019541 	0.883036 
850	0.964725 	0.000104 	0.000086 	0.019493 	0.877446 
851	0.962521 	0.000096 	0.000082 	0.019468 	0.873894 
852	0.958747 	0.000087 	0.000078 	0.019412 	0.868922 
853	0.952373 	0.000081 	0.000073 	0.019342 	0.862879 
854	0.945908 	0.000078 	0.000072 	0.019269 	0.856756 
855	0.936360 	0.000074 	0.000070 	0.019143 	0.847799 
856	0.929500 	0.000071 	0.000069 	0.019072 	0.841279 
857	0.923243 	0.000063 	0.000062 	0.019022 	0.836216 
858	0.916087 	0.000062 	0.000063 	0.018953 	0.830334 
859	0.912207 	0.000059 	0.000061 	0.018458 	0.826083 
860	0.907317 	0.000054 	0.000056 	0.017944 	0.820920 
861	0.905182 	0.000043 	0.000047 	0.017968 	0.819154 
862	0.900565 	0.000056 	0.000062 	0.017942 	0.815141 
863	0.895899 	0.000036 	0.000039 	0.017896 	0.810699 
864	0.893712 	0.000048 	0.000050 	0.017900 	0.808502 
865	0.892738 	0.000038 	0.000041 	0.017899 	0.807532 
866	0.896044 	0.000031 	0.000034 	0.017984 	0.810435 
867	0.898224 	0.000043 	0.000048 	0.017554 	0.812406 
868	0.899658 	0.000034 	0.000038 	0.017107 	0.813703 
869	0.900336 	0.000046 	0.000051 	0.017595 	0.813840 
870	0.901176 	0.000029 	0.000032 	0.018087 	0.814123 
871	0.904043 	0.000040 	0.000045 	0.018145 	0.816713 
872	0.905845 	0.000029 	0.000032 	0.018181 	0.818341 
873	0.907402 	0.000035 	0.000038 	0.018232 	0.820138 
874	0.908984 	0.000033 	0.000037 	0.018283 	0.821959 
875	0.905931 	0.000035 	0.000038 	0.018290 	0.820810 
876	0.902460 	0.000033 	0.000035 	0.018288 	0.819284 
877	0.898997 	0.000031 	0.000033 	0.018788 	0.817196 
878	0.896116 	0.000034 	0.000036 	0.019301 	0.815641 
879	0.893322 	0.000034 	0.000036 	0.019345 	0.806378 
880	0.891423 	0.000031 	0.000032 	0.019410 	0.797885 
881	0.889192 	0.000035 	0.000037 	0.019457 	0.771082 
882	0.884871 	0.000033 	0.000035 	0.019458 	0.742405 
883	0.882335 	0.000024 	0.000026 	0.019446 	0.687391 
884	0.880903 	0.000036 	0.000038 	0.019457 	0.633241 
885	0.880332 	0.000025 	0.000026 	0.019908 	0.557247 
886	0.882502 	0.000034 	0.000035 	0.020422 	0.483018 
887	0.883864 	0.000022 	0.000022 	0.020442 	0.406487 
888	0.884220 	0.000027 	0.000028 	0.020439 	0.329430 
889	0.876201 	0.000019 	0.000019 	0.019948 	0.267478 
890	0.865848 	0.000029 	0.000027 	0.019404 	0.205001 
891	0.833787 	0.000024 	0.000023 	0.019338 	0.162669 
892	0.803332 	0.000020 	0.000019 	0.019306 	0.120833 
893	0.744325 	0.000028 	0.000027 	0.019259 	0.095947 
894	0.686429 	0.000021 	0.000020 	0.019235 	0.071268 
895	0.606806 	0.000024 	0.000023 	0.018725 	0.056734 
896	0.529546 	0.000013 	0.000013 	0.018290 	0.042414 
897	0.448961 	0.000017 	0.000017 	0.017812 	0.034228 
898	0.368408 	0.000012 	0.000012 	0.017338 	0.026044 
899	0.304635 	0.000016 	0.000017 	0.016859 	0.021224 
900	0.240538 	0.000018 	0.000020 	0.016359 	0.016382 
901	0.196875 	0.000010 	0.000011 	0.015901 	0.013511 
902	0.153117 	0.000013 	0.000015 	0.015446 	0.010634 
903	0.125410 	0.000009 	0.000011 	0.014470 	0.009177 
904	0.097966 	0.000011 	0.000014 	0.013527 	0.007741 
905	0.081134 	0.000009 	0.000010 	0.013067 	0.006300 
906	0.064278 	0.000009 	0.000011 	0.012612 	0.004858 
907	0.054050 	0.000007 	0.000008 	0.011642 	0.004372 
908	0.043824 	0.000007 	0.000008 	0.010671 	0.003886 
909	0.037496 	0.000006 	0.000007 	0.010187 	0.003400 
910	0.031191 	0.000006 	0.000006 	0.009710 	0.002917 
911	0.026832 	0.000005 	0.000005 	0.008747 	0.002433 
912	0.022412 	0.000006 	0.000006 	0.007766 	0.001944 
913	0.019993 	0.000005 	0.000004 	0.007287 	0.001459 
914	0.017571 	0.000007 	0.000006 	0.006807 	0.000974 
915	0.015631 	0.000003 	0.000003 	0.006326 	0.000975 
916	0.013686 	0.000005 	0.000004 	0.005843 	0.000975 
917	0.012226 	0.000004 	0.000003 	0.005359 	0.000976 
918	0.010780 	0.000002 	0.000002 	0.004881 	0.000978 
919	0.010303 	0.000005 	0.000003 	0.004399 	0.000979 
920	0.009829 	0.000003 	0.000002 	0.003917 	0.000981 
921	0.008867 	0.000004 	0.000002 	0.003435 	0.000983 
922	0.007888 	0.000003 	0.000001 	0.002946 	0.000984 
923	0.007404 	0.000004 	0.000002 	0.002950 	0.000985 
924	0.006925 	0.000002 	0.000001 	0.002957 	0.000987 
925	0.006941 	0.000004 	0.000002 	0.002469 	0.000989 
926	0.006945 	0.000003 	0.000002 	0.001977 	0.000990 
927	0.006456 	0.000002 	0.000001 	0.001979 	0.000991 
928	0.005958 	0.000003 	0.000001 	0.001978 	0.000991 
929	0.005953 	0.000002 	0.000001 	0.001977 	0.000990 
930	0.005947 	0.000004 	0.000002 	0.001975 	0.000989 
931	0.005946 	0.000003 	0.000001 	0.001481 	0.000989 
932	0.005935 	0.000003 	0.000001 	0.000985 	0.000987 
933	0.005433 	0.000002 	0.000001 	0.000984 	0.000985 
934	0.004937 	0.000002 	0.000001 	0.000984 	0.000985 
935	0.004929 	0.000002 	0.000001 	0.000982 	0.000983 
936	0.004919 	0.000002 	0.000001 	0.000980 	0.000981 
937	0.004911 	0.000002 	0.000001 	0.000978 	0.000980 
938	0.004901 	0.000003 	0.000001 	0.000977 	0.000978 
939	0.004898 	0.000003 	0.000001 	0.000976 	0.000977 
940	0.004897 	0.000003 	0.000001 	0.000976 	0.000977 
941	0.004896 	0.000003 	0.000001 	0.000975 	0.000977 
942	0.004891 	0.000003 	0.000001 	0.000974 	0.000976 
943	0.004893 	0.000002 	0.000001 	0.000975 	0.000976 
944	0.004891 	0.000003 	0.000001 	0.000975 	0.000976 
945	0.004890 	0.000004 	0.000001 	0.000974 	0.000976 
946	0.004886 	0.000003 	0.000001 	0.000973 	0.000975 
947	0.004883 	0.000004 	0.000001 	0.000973 	0.000974 
948	0.004883 	0.000003 	0.000001 	0.000973 	0.000974 
949	0.004885 	0.000004 	0.000001 	0.000973 	0.000975 
950	0.004882 	0.000004 	0.000001 	0.000973 	0.000974 
951	0.004880 	0.000005 	0.000001 	0.000972 	0.000974 
952	0.004874 	0.000005 	0.000001 	0.000971 	0.000972 
953	0.004383 	0.000005 	0.000001 	0.000970 	0.000972 
954	0.003893 	0.000005 	0.000002 	0.000969 	0.000971 
955	0.003890 	0.000005 	0.000002 	0.000969 	0.000970 
956	0.003892 	0.000005 	0.000002 	0.000969 	0.000971 
957	0.003895 	0.000005 	0.000002 	0.000970 	0.000971 
958	0.003897 	0.000006 	0.000002 	0.000970 	0.000972 
959	0.003897 	0.000006 	0.000002 	0.000485 	0.000972 
960	0.003898 	0.000007 	0.000002 	0.000000 	0.000972 
961	0.003902 	0.000008 	0.000003 	0.000000 	0.000973 
962	0.003908 	0.000008 	0.000003 	0.000000 	0.000975 
963	0.003912 	0.000009 	0.000003 	0.000000 	0.000976 
964	0.003916 	0.000009 	0.000003 	0.000000 	0.000977 
965	0.003920 	0.000010 	0.000003 	0.000000 	0.000978 
966	0.003922 	0.000011 	0.000004 	0.000000 	0.000978 
967	0.003923 	0.000012 	0.000004 	0.000000 	0.000978 
968	0.003922 	0.000013 	0.000004 	0.000000 	0.000978 
969	0.003918 	0.000014 	0.000005 	0.000000 	0.000977 
970	0.003917 	0.000014 	0.000005 	0.000000 	0.000977 
971	0.003917 	0.000015 	0.000005 	0.000000 	0.000977 
972	0.003914 	0.000016 	0.000005 	0.000000 	0.000976 
973	0.003912 	0.000017 	0.000006 	0.000000 	0.000975 
974	0.003910 	0.000018 	0.000006 	0.000000 	0.000975 
975	0.003911 	0.000019 	0.000006 	0.000000 	0.000975 
976	0.003910 	0.000020 	0.000007 	0.000000 	0.000975 
977	0.003910 	0.000020 	0.000007 	0.000000 	0.000975 
978	0.003913 	0.000021 	0.000007 	0.000000 	0.000976 
979	0.004404 	0.000023 	0.000007 	0.000000 	0.000976 
980	0.004897 	0.000026 	0.000007 	0.000000 	0.000977 
981	0.004900 	0.000026 	0.000008 	0.000000 	0.000978 
982	0.004902 	0.000027 	0.000008 	0.000000 	0.000978 
983	0.004907 	0.000027 	0.000008 	0.000000 	0.000979 
984	0.004909 	0.000028 	0.000008 	0.000000 	0.000979 
985	0.004909 	0.000028 	0.000008 	0.000000 	0.000979 
986	0.004910 	0.000028 	0.000008 	0.000000 	0.000980 
987	0.004914 	0.000028 	0.000008 	0.000000 	0.000980 
988	0.004917 	0.000028 	0.000008 	0.000000 	0.000981 
989	0.004913 	0.000028 	0.000008 	0.000000 	0.000980 
990	0.004915 	0.000028 	0.000008 	0.000000 	0.000981 
991	0.004918 	0.000028 	0.000008 	0.000000 	0.000981 
992	0.004919 	0.000028 	0.000008 	0.000000 	0.000981 
993	0.004921 	0.000028 	0.000008 	0.000000 	0.000982 
994	0.004922 	0.000027 	0.000008 	0.000000 	0.000982 
995	0.004924 	0.000027 	0.000008 	0.000000 	0.000982 
996	0.004925 	0.000027 	0.000008 	0.000000 	0.000983 
997	0.004928 	0.000027 	0.000008 	0.000000 	0.000983 
998	0.004930 	0.000027 	0.000008 	0.000000 	0.000984 
999	0.004931 	0.000026 	0.000008 	0.000000 	0.000984 
1000	0.004932 	0.000026 	0.000007 	0.000000 	0.000984 
1001	0.002466 	0.000028 	0.000009 	0.000491 	0.000984 
1002	0.000000 	0.000030 	0.000011 	0.000982 	0.000983 
1003	0.000000 	0.000029 	0.000011 	0.000982 	0.000983 
1004	0.000000 	0.000030 	0.000011 	0.000981 	0.000983 
1005	0.000000 	0.000029 	0.000011 	0.000981 	0.000982 
1006	0.000000 	0.000029 	0.000011 	0.000981 	0.000982 
1007	0.000000 	0.000029 	0.000011 	0.000981 	0.000983 
1008	0.000000 	0.000030 	0.000011 	0.000982 	0.000983 
1009	0.000000 	0.000030 	0.000011 	0.000982 	0.000983 
1010	0.000000 	0.000030 	0.000011 	0.000982 	0.000983 
1011	0.000000 	0.000030 	0.000011 	0.000982 	0.000984 
1012	0.000000 	0.000031 	0.000012 	0.000983 	0.000984 
1013	0.000000 	0.000031 	0.000012 	0.000984 	0.000985 
1014	0.000000 	0.000031 	0.000012 	0.000984 	0.000986 
1015	0.000000 	0.000030 	0.000012 	0.000985 	0.000986 
1016	0.000000 	0.000028 	0.000012 	0.000985 	0.000986 
1017	0.000000 	0.000029 	0.000010 	0.000985 	0.000987 
1018	0.000000 	0.000029 	0.000008 	0.000986 	0.000987 
1019	0.000000 	0.000029 	0.000008 	0.000986 	0.000987 
1020	0.000000 	0.000030 	0.000009 	0.000986 	0.000987 
1021	0.000000 	0.000028 	0.000009 	0.000986 	0.000987 
1022	0.000000 	0.000026 	0.000009 	0.000986 	0.000987 
1023	0.000000 	0.000027 	0.000009 	0.000986 	0.000987 
1024	0.000000 	0.000027 	0.000009 	0.000985 	0.000987 
1025	0.000000 	0.000027 	0.000009 	0.000492 	0.000986 
1026	0.000000 	0.000028 	0.000009 	0.000000 	0.000986 
1027	0.000000 	0.000026 	0.000007 	0.000000 	0.000986 
1028	0.000000 	0.000024 	0.000005 	0.000000 	0.000986 
1029	0.000000 	0.000024 	0.000005 	0.000000 	0.000986 
1030	0.000000 	0.000024 	0.000005 	0.000000 	0.000986 
1031	0.000000 	0.000024 	0.000005 	0.000000 	0.000987 
1032	0.000000 	0.000025 	0.000005 	0.000000 	0.000987 
1033	0.000000 	0.000022 	0.000005 	0.000000 	0.000986 
1034	0.000000 	0.000020 	0.000005 	0.000000 	0.000987 
1035	0.000000 	0.000020 	0.000005 	0.000000 	0.000987 
1036	0.000000 	0.000020 	0.000005 	0.000000 	0.000988 
1037	0.000000 	0.000020 	0.000005 	0.000000 	0.000989 
1038	0.000000 	0.000020 	0.000005 	0.000000 	0.000989 
1039	0.000000 	0.000020 	0.000005 	0.000000 	0.000991 
1040	0.000000 	0.000021 	0.000005 	0.000000 	0.000991 
1041	0.000000 	0.000021 	0.000005 	0.000000 	0.000992 
1042	0.000000 	0.000021 	0.000005 	0.000000 	0.000993 
1043	0.000000 	0.000021 	0.000005 	0.000000 	0.000993 
1044	0.000000 	0.000021 	0.000005 	0.000000 	0.000994 
1045	0.000000 	0.000020 	0.000005 	0.000000 	0.000994 
1046	0.000000 	0.000020 	0.000005 	0.000000 	0.000994 
1047	0.000000 	0.000020 	0.000005 	0.000000 	0.000994 
1048	0.000000 	0.000020 	0.000005 	0.000000 	0.000995 
1049	0.000000 	0.000020 	0.000005 	0.000000 	0.000995 
1050	0.000000 	0.000020 	0.000005 	0.000000 	0.000995 
1051	0.000000 	0.000020 	0.000005 	0.000000 	0.000994 
1052	0.000000 	0.000020 	0.000005 	0.000000 	0.000994 
1053	0.000000 	0.000020 	0.000005 	0.000000 	0.000993 
1054	0.000000 	0.000020 	0.000005 	0.000000 	0.000992 
1055	0.000000 	0.000020 	0.000005 	0.000000 	0.000992 
1056	0.000000 	0.000020 	0.000005 	0.000000 	0.000992 
1057	0.000000 	0.000020 	0.000005 	0.000000 	0.000992 
1058	0.000000 	0.000020 	0.000005 	0.000000 	0.000993 
1059	0.000000 	0.000020 	0.000005 	0.000000 	0.000992 
1060	0.000000 	0.000020 	0.000005 	0.000000 	0.000992 
1061	0.000000 	0.000020 	0.000005 	0.000000 	0.000992 
1062	0.000000 	0.000020 	0.000005 	0.000000 	0.000992 
1063	0.000000 	0.000019 	0.000005 	0.000000 	0.000992 
1064	0.000000 	0.000020 	0.000005 	0.000000 	0.000993 
1065	0.000000 	0.000020 	0.000005 	0.000000 	0.000993 
1066	0.000000 	0.000020 	0.000005 	0.000000 	0.000993 
1067	0.000000 	0.000020 	0.000005 	0.000000 	0.000993 
1068	0.000000 	0.000020 	0.000005 	0.000000 	0.000993 
1069	0.000000 	0.000020 	0.000005 	0.000000 	0.000993 
1070	0.000000 	0.000020 	0.000005 	0.000000 	0.000993 
1071	0.000000 	0.000020 	0.000005 	0.000000 	0.000993 
1072	0.000000 	0.000020 	0.000005 	0.000000 	0.000993 
1073	0.000000 	0.000020 	0.000005 	0.000000 	0.000994 
1074	0.000000 	0.000021 	0.000005 	0.000000 	0.000994 
1075	0.000000 	0.000021 	0.000005 	0.000000 	0.000994 
1076	0.000000 	0.000021 	0.000005 	0.000000 	0.000993 
1077	0.000000 	0.000021 	0.000005 	0.000000 	0.000993 
1078	0.000000 	0.000021 	0.000005 	0.000000 	0.000993 
1079	0.000000 	0.000022 	0.000005 	0.000000 	0.000993 
1080	0.000000 	0.000022 	0.000006 	0.000000 	0.000992 
1081	0.000000 	0.000023 	0.000006 	0.000000 	0.000992 
1082	0.000000 	0.000023 	0.000006 	0.000000 	0.000991 
1083	0.000000 	0.000023 	0.000006 	0.000000 	0.000990 
1084	0.000000 	0.000024 	0.000006 	0.000000 	0.000990 
1085	0.000000 	0.000021 	0.000006 	0.000000 	0.000989 
1086	0.000000 	0.000018 	0.000006 	0.000000 	0.000989 
1087	0.000000 	0.000019 	0.000006 	0.000000 	0.000989 
1088	0.000000 	0.000019 	0.000006 	0.000000 	0.000989 
1089	0.000000 	0.000019 	0.000007 	0.000000 	0.000989 
1090	0.000000 	0.000020 	0.000007 	0.000000 	0.000990 
1091	0.000000 	0.000021 	0.000007 	0.000000 	0.000991 
1092	0.000000 	0.000021 	0.000007 	0.000000 	0.000991 
1093	0.000000 	0.000022 	0.000007 	0.000000 	0.000991 
1094	0.000000 	0.000022 	0.000007 	0.000000 	0.000991 
1095	0.000000 	0.000023 	0.000004 	0.000000 	0.000990 
1096	0.000000 	0.000023 	0.000000 	0.000000 	0.000990 
1097	0.000000 	0.000024 	0.000000 	0.000000 	0.000990 
1098	0.000000 	0.000025 	0.000000 	0.000000 	0.000990 
1099	0.000000 	0.000026 	0.000000 	0.000000 	0.000990 
1100	0.000000 	0.000026 	0.000000 	0.000000 	0.000989 
