400  1.45857E-06  1.96965E-07  2.14687E-07  2.91796E-06  1.02877E-06
401  1.70788E-06  1.64046E-07  1.86779E-07  2.48697E-06  7.78703E-07
402  1.76992E-06  6.5783E-07  3.14223E-07  2.10731E-06  4.73348E-07
403  1.69938E-06  4.60461E-07  2.48362E-07  1.72301E-06  2.45648E-07
404  1.45649E-06  3.87385E-07  1.70106E-07  2.33511E-06  5.34032E-07
405  1.43669E-06  2.65686E-07  2.53485E-07  2.73219E-06  9.9211E-07
406  1.59234E-06  8.76173E-07  3.26161E-07  2.57337E-06  1.37719E-06
407  1.6592E-06  1.26392E-06  2.94659E-07  2.82019E-06  1.52263E-06
408  2.06673E-06  7.28928E-07  4.33938E-07  2.55987E-06  1.29848E-06
409  3.03547E-06  5.60387E-07  6.39206E-07  5.54681E-06  9.65049E-07
410  3.52857E-06  1.84567E-07  5.51613E-07  6.03463E-06  1.46232E-06
411  3.34891E-06  4.04882E-07  2.88273E-07  6.64276E-06  2.01637E-06
412  2.49774E-06  3.89125E-07  1.26403E-07  2.59092E-06  3.4073E-06
413  1.15249E-06  7.43516E-07  1.3605E-07  4.25408E-06  4.38602E-06
414  6.44454E-07  1.05176E-06  4.70158E-07  5.63655E-06  4.76692E-06
415  1.91604E-06  1.05115E-06  5.99217E-07  2.38949E-06  4.38725E-06
416  3.29078E-06  1.58408E-06  1.3912E-06  2.63745E-06  3.78911E-06
417  4.42975E-06  2.02928E-06  1.86562E-06  2.03631E-06  4.26072E-06
418  5.90341E-06  8.14993E-07  1.60255E-06  3.32364E-06  4.63625E-06
419  6.93028E-06  8.34688E-07  1.15968E-06  5.99997E-06  4.70991E-06
420  7.3419E-06  4.72032E-07  3.998E-07  5.32079E-06  4.89521E-06
421  6.7922E-06  2.24519E-07  1.73122E-07  4.37953E-06  5.74613E-06
422  5.36427E-06  7.06141E-08  1.31174E-07  2.38241E-06  5.40489E-06
423  3.20236E-06  1.38294E-07  7.18385E-08  3.62737E-06  3.78964E-06
424  2.78638E-06  8.03326E-08  9.59648E-08  6.39381E-06  1.15004E-06
425  4.6744E-06  3.34957E-07  9.54393E-08  7.51313E-06  2.1229E-06
426  5.91271E-06  4.61586E-07  2.29695E-07  7.91967E-06  5.52858E-06
427  6.31203E-06  1.40827E-06  6.81678E-07  1.77889E-06  8.52598E-06
428  6.64018E-06  3.30149E-06  2.97984E-06  2.43991E-06  1.06725E-05
429  7.22831E-06  9.36367E-07  3.4193E-06  2.83856E-06  1.17127E-05
430  8.035E-06  1.20979E-05  4.82678E-06  2.38161E-06  1.10294E-05
431  1.00663E-05  1.15163E-05  1.63752E-05  9.97914E-06  1.03348E-05
432  1.3886E-05  2.12454E-05  1.70291E-05  6.99541E-06  1.20282E-05
433  1.94357E-05  4.15118E-05  1.44769E-05  9.80024E-06  1.27785E-05
434  2.61195E-05  7.06235E-05  6.47808E-06  1.58341E-05  1.26417E-05
435  3.313E-05  0.000140993  1.97834E-05  2.33509E-05  1.1857E-05
436  4.12764E-05  0.000223486  4.8318E-06  2.81419E-05  1.08787E-05
437  5.31616E-05  0.000200996  5.62134E-06  3.12756E-05  9.77275E-06
438  7.57836E-05  0.000146661  6.14676E-06  1.51057E-05  8.65419E-06
439  0.000118422  0.000113848  2.07229E-05  1.93485E-05  7.27156E-06
440  0.000192441  0.000196378  1.56086E-05  2.22883E-05  5.29791E-06
441  0.00030525  0.000354118  1.27591E-05  2.50101E-05  2.09512E-06
442  0.000462468  0.000784138  1.02081E-05  2.46572E-05  3.33059E-06
443  0.000664221  0.001698822  1.38574E-05  3.0028E-05  1.27104E-05
444  0.000921324  0.003057485  2.64817E-05  3.83678E-05  2.85733E-05
445  0.001282025  0.00414723  1.68726E-05  5.84634E-05  5.4175E-05
446  0.001841578  0.004584478  2.25872E-05  7.56764E-05  9.22825E-05
447  0.002717191  0.004927233  3.77663E-05  0.000105518  0.000142276
448  0.00407309  0.006387562  5.30005E-05  0.000131705  0.000202427
449  0.006003448  0.010757171  0.00010733  0.000187825  0.000267735
450  0.008546124  0.020822904  0.000145565  0.000267714  0.000334965
451  0.011619528  0.03736105  0.000190065  0.000362566  0.00040216
452  0.015305207  0.055071581  0.000281539  0.00048107  0.000476948
453  0.019924904  0.066959915  0.000374053  0.000574965  0.000571225
454  0.025857586  0.073502889  0.000410186  0.000617975  0.000690014
455  0.033495947  0.085883103  0.000382936  0.000670556  0.000829527
456  0.04273971  0.116517468  0.000368602  0.000760627  0.0009687
457  0.052875254  0.169891344  0.000353912  0.00087584  0.001076411
458  0.063853537  0.236380444  0.000335654  0.001070695  0.001144708
459  0.073888838  0.286286145  0.00035087  0.001325209  0.001145384
460  0.083168353  0.302934074  0.000382257  0.001676773  0.00110183
461  0.092023514  0.298032858  0.000414632  0.002221431  0.001047791
462  0.102283297  0.302261459  0.000439395  0.003039746  0.00103814
463  0.112911996  0.327916543  0.000481486  0.003899395  0.001094729
464  0.124951022  0.377688863  0.000556893  0.00401158  0.001251955
465  0.137751683  0.439565138  0.000616879  0.003065225  0.00150772
466  0.149530383  0.492232506  0.000661659  0.001977907  0.001817973
467  0.159698152  0.523053272  0.000693119  0.001334264  0.002117132
468  0.169327386  0.539128509  0.000685679  0.000952926  0.002344331
469  0.178198825  0.552905585  0.000678548  0.000685608  0.002435179
470  0.187587159  0.579736862  0.000665756  0.000477523  0.002386795
471  0.19576878  0.61593563  0.00069461  0.000333707  0.002207238
472  0.20319912  0.656036616  0.000737049  0.00023899  0.001965694
473  0.210924863  0.6952426  0.000813023  0.000178671  0.001729751
474  0.215825532  0.716106722  0.000927589  0.000143187  0.001505494
475  0.220105712  0.725675611  0.001086814  0.000134849  0.001315474
476  0.224605926  0.732692531  0.001293602  0.000141283  0.001149151
477  0.228391144  0.74055221  0.001525844  0.000174682  0.000985669
478  0.233020355  0.755174668  0.001690796  0.000216373  0.000826098
479  0.238444234  0.777829068  0.001684672  0.000293086  0.000673204
480  0.24216976  0.798038595  0.001478081  0.000410075  0.000530237
481  0.246445949  0.818987724  0.001189613  0.000593114  0.000412943
482  0.249444966  0.830120815  0.000912812  0.000927523  0.000322325
483  0.252795901  0.840485206  0.000708375  0.001425101  0.000260557
484  0.257035834  0.852195306  0.000553862  0.001715862  0.000224505
485  0.25901818  0.855021735  0.000414326  0.001390277  0.000208559
486  0.262685938  0.865083606  0.000328555  0.000842461  0.000216688
487  0.266281738  0.875984407  0.000287062  0.000538848  0.000255346
488  0.270403729  0.890414859  0.000270279  0.000383581  0.000345697
489  0.273380982  0.900810368  0.000251963  0.000278085  0.000524016
490  0.276545648  0.911129324  0.000240527  0.000203895  0.000848472
491  0.280392611  0.923485734  0.000229908  0.000141473  0.001383135
492  0.282823288  0.930668682  0.000251992  9.2675E-05  0.002146
493  0.28629813  0.942346468  0.000289714  6.76112E-05  0.003097806
494  0.288936832  0.95009658  0.000302963  5.87128E-05  0.004060363
495  0.292904242  0.9632677  0.000331335  5.30538E-05  0.004830543
496  0.297837746  0.978207147  0.000403366  5.61225E-05  0.005208315
497  0.300678374  0.983131001  0.000479772  6.72593E-05  0.005076761
498  0.304034302  0.990245724  0.000596811  6.61157E-05  0.004594662
499  0.307053528  0.994186874  0.000809097  8.0524E-05  0.003972163
500  0.310902873  0.997938816  0.001146647  0.000110819  0.003441278
501  0.313560272  0.998650616  0.001660121  0.000149464  0.003101074
502  0.317181344  1  0.002488538  0.000206094  0.002981348
503  0.319596709  0.995575791  0.003809662  0.000307014  0.00298402
504  0.322444688  0.990568286  0.005877943  0.000478193  0.003016442
505  0.325231895  0.9803089  0.009162825  0.000688398  0.002981014
506  0.328600647  0.96401625  0.014254575  0.000776903  0.002834215
507  0.330983127  0.936016328  0.02188008  0.000624313  0.002564724
508  0.333533131  0.895987719  0.033067115  0.000409005  0.0022248
509  0.33743303  0.844919233  0.049374329  0.000271555  0.001877653
510  0.339859135  0.781131253  0.072221029  0.000198723  0.00155488
511  0.343361962  0.709877949  0.104406385  0.000149838  0.001296838
512  0.347049495  0.632670785  0.148759892  9.53563E-05  0.001102228
513  0.351124984  0.55418224  0.206710728  5.48669E-05  0.000959936
514  0.353455859  0.473798697  0.274586426  3.8073E-05  0.00084706
515  0.356814971  0.40082764  0.345789703  2.49601E-05  0.000754939
516  0.358539311  0.33410331  0.411073165  1.6689E-05  0.000666775
517  0.360344104  0.275854303  0.469077823  1.15035E-05  0.00058136
518  0.361532129  0.226125385  0.52057316  1.16798E-05  0.000496969
519  0.361800265  0.184656615  0.568192  1.20564E-05  0.000415616
520  0.362858823  0.151027385  0.614100491  6.94387E-06  0.000342407
521  0.362802056  0.123636948  0.654254914  3.34733E-06  0.000278177
522  0.362672904  0.10183822  0.688938811  1.30304E-06  0.000226011
523  0.362631798  0.084338472  0.717565139  6.21982E-06  0.000186641
524  0.362357105  0.070185866  0.739101665  2.06108E-06  0.00015924
525  0.363550988  0.059099211  0.757081264  1.48818E-05  0.000142927
526  0.365157203  0.050259662  0.772155021  2.01256E-05  0.000135485
527  0.36782782  0.04318169  0.785694132  1.84348E-05  0.000136309
528  0.370669756  0.037352861  0.796465926  2.11299E-05  0.000145682
529  0.37507818  0.03255521  0.807375856  4.69968E-05  0.000166473
530  0.379252358  0.028530299  0.813821737  8.29419E-05  0.000202277
531  0.383910071  0.025287196  0.819012035  0.000112204  0.000260777
532  0.387898516  0.022514259  0.821076414  0.000160325  0.000353277
533  0.390284288  0.020216231  0.817995274  0.000236728  0.000496037
534  0.392880263  0.018323813  0.815421689  0.000343944  0.000711782
535  0.394601217  0.016696979  0.811108748  0.000484395  0.001015616
536  0.394266142  0.015282551  0.805109121  0.000630205  0.001400884
537  0.394401344  0.014174181  0.803743705  0.000703283  0.001840366
538  0.393112009  0.013260757  0.802561335  0.000668834  0.002256998
539  0.392098698  0.012437745  0.804468216  0.000559445  0.002572089
540  0.390777091  0.011711658  0.808182709  0.00044132  0.002712158
541  0.3915702  0.011168779  0.817240055  0.00036669  0.002671962
542  0.392872183  0.010751628  0.827290534  0.000301008  0.002475123
543  0.396071821  0.010362187  0.841796626  0.000246579  0.002203576
544  0.399690193  0.01003904  0.856607443  0.000213863  0.001928985
545  0.403773852  0.009871165  0.870691248  0.000182637  0.001715819
546  0.408118211  0.009724943  0.882854021  0.000160371  0.001602119
547  0.413049306  0.009644571  0.895569006  0.000140277  0.00161118
548  0.416504382  0.00963391  0.903250869  0.000141067  0.001753815
549  0.419796886  0.009691935  0.908118663  0.000149818  0.002060082
550  0.422247491  0.009804173  0.911422521  0.000159982  0.002557456
551  0.424216475  0.010023436  0.91278903  0.00018219  0.003270326
552  0.425263009  0.010296877  0.911507607  0.000207235  0.004184262
553  0.425555697  0.010584058  0.909003837  0.000230824  0.005227896
554  0.425868964  0.010930555  0.90749338  0.000272017  0.006270594
555  0.427971617  0.01150131  0.909896089  0.00034633  0.007161987
556  0.429067181  0.012118615  0.90975054  0.000412112  0.007693352
557  0.431138838  0.012836854  0.912401099  0.000501853  0.007810116
558  0.432747184  0.013715689  0.915155856  0.000617637  0.007513276
559  0.435348363  0.014726301  0.922048113  0.000754872  0.006953527
560  0.437172484  0.015798384  0.928548016  0.000907984  0.006272059
561  0.439305791  0.017145967  0.936900794  0.00107992  0.005642436
562  0.440938997  0.018719188  0.944843963  0.001237642  0.005157355
563  0.441928854  0.020421588  0.952295539  0.001327493  0.004860279
564  0.44309942  0.022498312  0.959481176  0.001372821  0.00475727
565  0.444632726  0.024603488  0.966986227  0.001357073  0.004817283
566  0.446233978  0.026809278  0.975059143  0.001294426  0.004988473
567  0.448296104  0.029115226  0.98203281  0.001209591  0.005217925
568  0.450554189  0.031529427  0.986450218  0.001141212  0.005441999
569  0.453224208  0.033728061  0.990860963  0.001076053  0.005606457
570  0.456761849  0.035491682  0.993315742  0.001012631  0.005674048
571  0.460123201  0.036823151  0.995715038  0.000972961  0.005611769
572  0.463897981  0.037855663  0.996624709  0.000945084  0.005433821
573  0.467584033  0.03834518  0.996069409  0.000937941  0.005164386
574  0.471757225  0.038165915  0.997391409  0.00093824  0.004853337
575  0.475150867  0.037573553  0.998196944  0.000950262  0.004533208
576  0.47855345  0.036661274  1  0.000991344  0.004251381
577  0.480275133  0.035454006  0.999115556  0.001069292  0.004020743
578  0.48266917  0.034109094  0.999093678  0.001149395  0.003876915
579  0.484885972  0.03272361  0.998685686  0.001247777  0.003817146
580  0.486641314  0.031413349  0.991801023  0.001415104  0.003836805
581  0.488404243  0.030148622  0.979912834  0.001573811  0.003931931
582  0.491016705  0.028941475  0.958795306  0.001756879  0.004097533
583  0.493672122  0.027769023  0.922909393  0.001978814  0.004311203
584  0.496932472  0.02689957  0.866894531  0.002238893  0.004557603
585  0.500475731  0.026186429  0.791368205  0.002492605  0.00481006
586  0.503948122  0.025654679  0.695599993  0.002739635  0.005038805
587  0.508642071  0.025321792  0.587432246  0.002989667  0.005231446
588  0.512589943  0.024996889  0.476876377  0.003193783  0.005347965
589  0.516765881  0.025116635  0.375833666  0.003358797  0.005388136
590  0.520876311  0.025316872  0.289291056  0.003462276  0.005351508
591  0.524089245  0.025592346  0.218834137  0.003502892  0.005244143
592  0.525992638  0.026010578  0.163305972  0.003509875  0.005085173
593  0.529080733  0.026576601  0.121580463  0.003518644  0.004924424
594  0.53144482  0.027194341  0.090348954  0.003450047  0.004767235
595  0.533083513  0.028042251  0.067191393  0.003406751  0.004633581
596  0.53463162  0.029160053  0.050230215  0.003385334  0.004542622
597  0.537508848  0.030695595  0.037943966  0.003377698  0.004512976
598  0.538989053  0.032334381  0.029030461  0.003384475  0.004521989
599  0.540659981  0.034236326  0.022518714  0.003414967  0.004577246
600  0.542422426  0.036360479  0.017762568  0.003494009  0.004666313
601  0.545108214  0.038884155  0.014212874  0.0036384  0.004779823
602  0.548453705  0.04170433  0.011522051  0.003806681  0.00489551
603  0.551280301  0.044390049  0.009474559  0.004020652  0.004981218
604  0.55469511  0.047294482  0.007886657  0.004320649  0.005026781
605  0.557397222  0.050033457  0.006600277  0.004704356  0.005005263
606  0.561132374  0.052496725  0.005640804  0.005179661  0.004924583
607  0.563269323  0.05418483  0.004805078  0.005768618  0.004762674
608  0.566495906  0.054340001  0.004054933  0.006495678  0.004552484
609  0.568742131  0.05212812  0.003376787  0.00742416  0.00429325
610  0.572655679  0.047018392  0.002711109  0.008694518  0.004025085
611  0.575906901  0.039308742  0.002052773  0.010244462  0.003750419
612  0.577900526  0.029947993  0.001465048  0.012275669  0.003483923
613  0.580598489  0.021050721  0.000995154  0.014863645  0.003250742
614  0.584149639  0.013605129  0.000633458  0.018308796  0.003058387
615  0.585580465  0.008253498  0.000381817  0.022867796  0.002895281
616  0.590081737  0.004840921  0.000233633  0.029066471  0.002788841
617  0.593677959  0.002781794  0.000137987  0.037321421  0.002718837
618  0.597089936  0.001611451  8.52185E-05  0.048261069  0.002687608
619  0.601719821  0.000963293  5.35324E-05  0.063294686  0.002699527
620  0.606917995  0.000595555  3.57043E-05  0.08358938  0.002749497
621  0.611653077  0.000377711  2.4996E-05  0.109995912  0.00283044
622  0.617328162  0.000248912  1.86506E-05  0.144726584  0.002946059
623  0.623848974  0.00017001  1.42588E-05  0.189653627  0.003093248
624  0.631402371  0.000119744  1.17009E-05  0.245473702  0.003270266
625  0.637535497  8.57901E-05  9.66103E-06  0.311894668  0.003460914
626  0.645069662  6.40171E-05  8.4213E-06  0.38646918  0.00367547
627  0.650678432  4.86923E-05  7.63286E-06  0.462917905  0.003888884
628  0.657051945  3.81134E-05  7.07902E-06  0.531680347  0.004108444
629  0.662273601  3.00315E-05  6.67326E-06  0.590101221  0.004313618
630  0.668887502  2.45024E-05  6.47555E-06  0.637112042  0.004512632
631  0.673006657  2.02367E-05  6.30462E-06  0.66758893  0.004672735
632  0.67755872  1.68887E-05  6.24137E-06  0.690320151  0.004808428
633  0.682069118  1.44453E-05  6.21346E-06  0.705347463  0.004913313
634  0.686235365  1.26526E-05  6.17964E-06  0.717357468  0.004984291
635  0.690069839  1.14721E-05  6.14527E-06  0.724850962  0.005023768
636  0.693480802  1.05695E-05  5.91646E-06  0.732532632  0.005037058
637  0.697604747  9.82584E-06  5.50544E-06  0.739658288  0.005041161
638  0.701742419  9.29297E-06  4.83222E-06  0.746041143  0.005040732
639  0.706159896  8.74255E-06  4.06732E-06  0.751577068  0.005046818
640  0.711299658  8.30675E-06  3.29971E-06  0.758385376  0.005070311
641  0.716269417  7.97399E-06  2.62855E-06  0.764228493  0.005111313
642  0.7212916  7.58626E-06  2.07854E-06  0.767445151  0.005176862
643  0.728232814  7.17065E-06  1.67761E-06  0.773086089  0.005284789
644  0.734506149  6.87404E-06  1.31791E-06  0.776657327  0.005419359
645  0.740994063  6.4053E-06  1.03983E-06  0.779822174  0.005587794
646  0.747656419  6.09155E-06  8.06767E-07  0.781058641  0.005788669
647  0.755457086  5.75675E-06  6.56415E-07  0.784699368  0.006026818
648  0.762755405  5.63359E-06  5.57107E-07  0.790230709  0.006285441
649  0.770815113  5.62965E-06  5.03541E-07  0.796812201  0.006570242
650  0.779720511  5.66917E-06  4.44157E-07  0.802880549  0.006877874
651  0.788039279  5.83575E-06  4.05684E-07  0.81163555  0.007191034
652  0.795655329  6.12902E-06  3.90201E-07  0.819949254  0.007502082
653  0.803365856  6.37453E-06  3.86502E-07  0.828618142  0.007810545
654  0.810376554  6.82781E-06  3.95103E-07  0.838502824  0.008099763
655  0.817417308  7.17425E-06  3.87957E-07  0.849367436  0.00836789
656  0.824188559  7.52964E-06  3.97851E-07  0.859870214  0.008604453
657  0.831548533  7.84994E-06  4.12365E-07  0.872370136  0.008813508
658  0.838194717  8.23872E-06  4.248E-07  0.883187043  0.008979619
659  0.844644027  8.69615E-06  4.36383E-07  0.893261476  0.009109802
660  0.8514996  9.16978E-06  4.61867E-07  0.905100303  0.009214886
661  0.857282564  9.92668E-06  5.1187E-07  0.910902669  0.009284542
662  0.863239299  1.10403E-05  5.7788E-07  0.921799071  0.009338236
663  0.86755026  1.25988E-05  6.89835E-07  0.92930219  0.009362307
664  0.873124947  1.4759E-05  8.39101E-07  0.935093053  0.009394281
665  0.878007662  1.78776E-05  1.08204E-06  0.942504287  0.009419087
666  0.881514076  2.16429E-05  1.43802E-06  0.947245259  0.009434949
667  0.884722936  2.67663E-05  1.88535E-06  0.950484511  0.00945803
668  0.888475941  3.3382E-05  2.58189E-06  0.955180426  0.009501209
669  0.892596916  4.19754E-05  3.49671E-06  0.96139159  0.009566347
670  0.895508863  5.20232E-05  4.73292E-06  0.965091311  0.009639719
671  0.899226289  6.25018E-05  6.10111E-06  0.969083686  0.009743932
672  0.902636203  7.29354E-05  7.55546E-06  0.974985419  0.009864333
673  0.906030761  8.09416E-05  8.93119E-06  0.979988665  0.009998175
674  0.909513139  8.44231E-05  9.87833E-06  0.983508296  0.010139791
675  0.912429132  8.37925E-05  1.00905E-05  0.98918593  0.010276218
676  0.915051349  7.83668E-05  9.51924E-06  0.992191685  0.010406183
677  0.918481714  7.0604E-05  8.37838E-06  0.996263538  0.010538227
678  0.920152202  6.25613E-05  7.15979E-06  0.998727955  0.010637883
679  0.921788118  5.48831E-05  5.92213E-06  0.999028148  0.010718956
680  0.923402391  4.80614E-05  4.85742E-06  1  0.01077602
681  0.924372191  4.27082E-05  3.98268E-06  0.996313186  0.010797409
682  0.924050249  3.81387E-05  3.24388E-06  0.989972724  0.010772688
683  0.927088436  3.51638E-05  2.81032E-06  0.98227372  0.010754674
684  0.927563458  3.33842E-05  2.43176E-06  0.965004707  0.010674818
685  0.928566241  3.3027E-05  2.17789E-06  0.942220512  0.0105716
686  0.929080377  3.43256E-05  2.14964E-06  0.911068701  0.010437483
687  0.927604101  3.77858E-05  2.21712E-06  0.867728027  0.01025963
688  0.926819974  4.49113E-05  2.45497E-06  0.814620288  0.010068866
689  0.925847665  5.62383E-05  2.93623E-06  0.754256766  0.00985257
690  0.925276433  7.10193E-05  3.64506E-06  0.685145771  0.009613587
691  0.925629391  8.54604E-05  4.14774E-06  0.613315563  0.009356862
692  0.927744329  0.00010098  5.11596E-06  0.5408457  0.009094782
693  0.929070547  0.000119147  6.03279E-06  0.470382492  0.008809778
694  0.929647202  0.000137066  6.87776E-06  0.403760312  0.008511504
695  0.931016814  0.00015001  7.79219E-06  0.344404716  0.008220885
696  0.930893443  0.000153143  8.15653E-06  0.290333633  0.007921721
697  0.931493454  0.000142643  7.75319E-06  0.243603361  0.007635805
698  0.933646626  0.000122248  7.06629E-06  0.204906438  0.007370893
699  0.934063126  9.58022E-05  5.72865E-06  0.17141971  0.00710362
700  0.933403645  7.05037E-05  4.40298E-06  0.143669397  0.006845122
701  0.934901912  5.01963E-05  3.34008E-06  0.120526735  0.006625169
702  0.934521646  3.54052E-05  2.40825E-06  0.101229547  0.006420166
703  0.931384687  2.56945E-05  1.804E-06  0.085311097  0.006228406
704  0.930505525  1.93923E-05  1.44775E-06  0.07222417  0.006082875
705  0.929245334  1.50867E-05  1.20466E-06  0.061629578  0.005961075
706  0.928200138  1.18337E-05  1.00192E-06  0.052812164  0.005861008
707  0.926416796  9.38842E-06  8.35513E-07  0.045514972  0.005771885
708  0.923875799  7.48244E-06  6.85041E-07  0.039438972  0.005691596
709  0.922762294  5.56639E-06  5.27887E-07  0.034414883  0.005634288
710  0.920626441  3.52277E-06  3.5229E-07  0.030241022  0.005587224
711  0.920338626  2.07033E-06  2.14453E-07  0.026766311  0.005569887
712  0.919730027  1.72203E-06  1.8126E-07  0.023769993  0.005569733
713  0.919049713  9.71025E-07  1.0104E-07  0.021234856  0.005588294
714  0.918472448  4.59107E-07  4.75701E-08  0.019160216  0.005627647
715  0.920087153  4.93411E-07  5.04987E-08  0.017296469  0.0057032
716  0.92060063  9.33874E-07  9.3956E-08  0.015760922  0.005797483
717  0.918922436  1.75216E-06  1.71868E-07  0.014370313  0.005904524
718  0.920263569  2.63412E-06  2.50025E-07  0.013152915  0.006057119
719  0.921657932  3.16619E-06  3.02369E-07  0.012163418  0.006235058
720  0.922027401  3.1103E-06  2.89543E-07  0.011245405  0.006429532
721  0.921818505  2.65978E-06  2.4091E-07  0.010389529  0.006643531
722  0.920667831  2.30012E-06  1.95318E-07  0.009673285  0.00687695
723  0.921208081  2.27751E-06  1.87737E-07  0.0090629  0.007154446
724  0.918936845  2.38138E-06  1.90883E-07  0.008481049  0.007446646
725  0.920274287  2.33524E-06  1.82525E-07  0.008070398  0.007809821
726  0.918221612  2.08822E-06  1.59038E-07  0.007692663  0.008190776
727  0.917750443  2.23875E-06  1.62814E-07  0.007307554  0.008638147
728  0.916515583  2.34291E-06  1.63369E-07  0.006994987  0.009140627
729  0.914705749  2.15908E-06  1.46847E-07  0.006681301  0.00971116
730  0.914520441  1.63708E-06  1.09634E-07  0.006433119  0.010385416
731  0.913924044  1.24485E-06  8.07577E-08  0.006244835  0.01115087
732  0.913352056  1.02151E-06  6.61076E-08  0.006036861  0.012016581
733  0.911038592  1.85035E-06  1.18812E-07  0.005844953  0.012961176
734  0.908700754  2.11588E-06  1.32908E-07  0.005655609  0.01401322
735  0.907944507  3.69566E-06  2.2765E-07  0.00549144  0.015214552
736  0.907626401  4.5861E-06  2.81983E-07  0.005370653  0.016571773
737  0.906496849  4.67405E-06  2.84596E-07  0.005259116  0.018084752
738  0.905989956  4.02249E-06  2.39364E-07  0.005216855  0.019803104
739  0.904457834  3.69136E-06  2.15887E-07  0.005229309  0.021716642
740  0.904003615  5.4161E-06  3.11714E-07  0.005249178  0.02390683
741  0.903884225  7.59861E-06  4.35148E-07  0.005221872  0.026402941
742  0.9053791  9.66099E-06  5.53152E-07  0.005129653  0.029301032
743  0.903294776  1.09006E-05  6.28985E-07  0.005112829  0.032489858
744  0.906995294  1.18927E-05  6.90424E-07  0.005114975  0.03636747
745  0.908099227  1.22456E-05  7.21749E-07  0.005080843  0.040710933
746  0.910783884  1.01356E-05  6.09333E-07  0.005172267  0.045784709
747  0.912859214  7.41863E-06  4.54914E-07  0.005208529  0.051605133
748  0.913967481  6.14387E-06  3.84022E-07  0.005240758  0.058269992
749  0.914389592  6.07886E-06  3.86925E-07  0.005296366  0.065923559
750  0.917525257  6.14572E-06  4.09097E-07  0.005320506  0.074982298
751  0.917853636  4.30682E-06  3.02957E-07  0.005373899  0.085197594
752  0.918562779  1.95093E-06  1.42374E-07  0.005421903  0.097014919
753  0.919273352  1.71938E-06  1.31545E-07  0.005438881  0.110646875
754  0.920863477  2.56203E-06  2.05603E-07  0.005566082  0.126492866
755  0.92202944  3.79471E-06  3.16589E-07  0.005727939  0.144696663
756  0.921070423  4.53556E-06  3.91992E-07  0.005836976  0.16522509
757  0.922838552  4.27519E-06  3.90336E-07  0.005960732  0.189182488
758  0.920583759  2.90068E-06  2.76667E-07  0.005984433  0.215433752
759  0.918935982  1.93234E-06  1.90079E-07  0.006005441  0.24499128
760  0.919396368  3.60808E-06  3.79446E-07  0.006207356  0.278422607
761  0.918942663  4.16508E-06  4.63935E-07  0.006287766  0.314896774
762  0.917837263  4.74264E-06  5.52051E-07  0.006382437  0.354234067
763  0.916741649  4.59586E-06  5.53508E-07  0.006475985  0.396266575
764  0.916057203  3.65929E-06  4.58988E-07  0.006631255  0.440588981
765  0.914040405  2.58675E-06  3.31037E-07  0.006752359  0.485520745
766  0.916393205  1.86009E-06  2.46901E-07  0.006913474  0.5332167
767  0.915475007  1.44202E-06  2.05665E-07  0.007166082  0.578492565
768  0.916135373  1.13347E-06  1.66203E-07  0.007256794  0.62316451
769  0.91637433  7.5018E-07  1.12561E-07  0.007325295  0.665081663
770  0.916946853  3.59E-07  5.63143E-08  0.007454932  0.703977271
771  0.91886405  6.39352E-07  1.06858E-07  0.007606151  0.74010731
772  0.918822028  8.54604E-07  1.54408E-07  0.007809084  0.770463444
773  0.918269847  8.68464E-07  1.65182E-07  0.007976849  0.79598148
774  0.918448059  7.33486E-07  1.47249E-07  0.008162894  0.817829078
775  0.91807928  6.64828E-07  1.45195E-07  0.008274457  0.835191095
776  0.919519146  7.87221E-07  1.83664E-07  0.00837875  0.850664034
777  0.920499091  9.11199E-07  2.16564E-07  0.008503142  0.862700163
778  0.918383227  7.77599E-07  1.86435E-07  0.008622666  0.869262024
779  0.91745523  6.64427E-07  1.70076E-07  0.008750985  0.874762846
780  0.916133951  7.08038E-07  1.97961E-07  0.00897174  0.878041864
781  0.91598239  6.33052E-07  1.9222E-07  0.009148512  0.880905183
782  0.914668242  4.44797E-07  1.40216E-07  0.009297588  0.881451715
783  0.911958086  1.9563E-07  6.50325E-08  0.009532778  0.879821403
784  0.911601782  1.84913E-07  6.94326E-08  0.009687683  0.879979721
785  0.908650364  3.68859E-07  1.51383E-07  0.009764728  0.877409103
786  0.908415728  6.00479E-07  2.53908E-07  0.009917098  0.877395625
787  0.90749086  6.27273E-07  2.82901E-07  0.010031974  0.876761999
788  0.906574098  9.19338E-07  4.59555E-07  0.010119461  0.876312203
789  0.907283374  1.23999E-06  6.61814E-07  0.010132919  0.877766827
790  0.906945828  1.34514E-06  7.41788E-07  0.010191779  0.878673542
791  0.908603509  1.13341E-06  6.5727E-07  0.010329079  0.882028596
792  0.910983243  9.44461E-07  5.72606E-07  0.010296491  0.8865482
793  0.913670642  8.52151E-07  5.4787E-07  0.010307072  0.891695316
794  0.917316643  7.03256E-07  4.74008E-07  0.010263563  0.897947055
795  0.921137002  8.36804E-07  5.84833E-07  0.010083118  0.904417309
796  0.925026015  1.15608E-06  8.3053E-07  0.009931882  0.910948165
797  0.931632568  1.39079E-06  1.03998E-06  0.009814653  0.920149482
798  0.936131267  1.49324E-06  1.17074E-06  0.009688406  0.927253031
799  0.940688103  1.37482E-06  1.13495E-06  0.009647308  0.934333905
800  0.946630625  1.72864E-06  1.52588E-06  0.009518555  0.942608775
801  0.951566727  0  1.59026E-06  0.00927666  0.949586539
802  0.960167097  0  1.49517E-06  0.009118602  0.959864711
803  0.968601717  0  1.57097E-06  0.008821098  0.969636392
804  0.972806299  0  1.9723E-06  0.008395094  0.974879119
805  0.980098246  0  2.68807E-06  0.00808806  0.982937051
806  0.984603615  0  3.61039E-06  0.007870189  0.987860807
807  0.987994498  0  4.68404E-06  0.00765317  0.99123473
808  0.994125794  0  6.08397E-06  0.007425097  0.996896911
809  0.994948103  0  7.82687E-06  0.007116219  0.996845345
810  0.999226545  0  9.67306E-06  0.006802329  1
811  0.998013524  0  1.151E-05  0.006503709  0.997554669
812  0.998153252  0  1.29728E-05  0.006309011  0.996512049
813  0.994787918  0  1.34886E-05  0.006116965  0.992160976
814  1  0  1.38849E-05  0.005729158  0.996647077
815  0.996079717  0  1.32345E-05  0.005341039  0.992343747
816  0.99305358  0  1.19905E-05  0.005114726  0.989228862
817  0.988204869  0  1.09342E-05  0.004971897  0.984576849
818  0.986283402  0  1.03416E-05  0.004799638  0.983131142
819  0.98578381  0  1.01367E-05  0.004697567  0.983412238
820  0.980043953  0  9.58061E-06  0.004570202  0.978744978
821  0.978644654  0  9.12515E-06  0.004319973  0.97859925
822  0.974910102  0  8.85718E-06  0.004237203  0.976180976
823  0.974591437  0  9.05703E-06  0.003974091  0.97713702
824  0.975031009  0  9.47161E-06  0.003731631  0.97875764
825  0.974557898  0  1.02622E-05  0.003479697  0.979386126
826  0.97235792  0  1.11556E-05  0.003487015  0.978289591
827  0.973826445  0  1.33061E-05  0.003320109  0.981004218
828  0.977790624  0  1.82793E-05  0.003276196  0.986396328
829  0.97649859  0  2.37535E-05  0.003033539  0.98653321
830  0.97650236  0  3.03645E-05  0.00284832  0.987769279
831  0.978204497  0  3.74573E-05  0.002994356  0.990228489
832  0.977363045  0  4.38397E-05  0.002799467  0.989427133
833  0.978317713  0  4.9644E-05  0.002774505  0.98975609
834  0.978648659  0  5.18911E-05  0.002778933  0.988945961
835  0.980143706  0  4.42376E-05  0.002645516  0.989061464
836  0.981380648  0  4.26683E-05  0.002386052  0.988863549
837  0.98045689  0  4.29766E-05  0.002497082  0.986505212
838  0.978343369  0  4.17884E-05  0.002633065  0.982940997
839  0.98016616  0  4.02877E-05  0.002689234  0.983282796
840  0.978897046  0  3.78037E-05  0.002659117  0.980487414
841  0.978317737  0  3.48725E-05  0.002566528  0.978421762
842  0.975644138  0  3.64965E-05  0.00241845  0.974428984
843  0.973096114  0  3.53969E-05  0.002235191  0.97090851
844  0.97116552  0  3.86647E-05  0.002031728  0.968761761
845  0.969605886  0  3.94257E-05  0.001821004  0.967305949
846  0.96744707  0  4.11412E-05  0.001614884  0.965411078
847  0.965500758  0  4.22652E-05  0.001428637  0.963547689
848  0.969079724  0  4.41448E-05  0.001282899  0.966747602
849  0.969641142  0  4.67302E-05  0.001179261  0.966473706
850  0.97130606  0  4.93456E-05  0.001137749  0.967082643
851  0.974543317  0  5.08478E-05  0.00117334  0.969265644
852  0.976279722  0  5.35875E-05  0.001292658  0.970147053
853  0.976160063  0  5.63231E-05  0.001487015  0.969642302
854  0.975673011  0  5.9169E-05  0.001746136  0.969245846
855  0.972401707  0  6.2E-05  0.002053375  0.965766785
856  0.966413273  0  6.4797E-05  0.002394344  0.959836004
857  0.95963356  0  6.76205E-05  0.002757574  0.953629406
858  0.952893886  0  7.04248E-05  0.003127813  0.947291751
859  0.946933926  0  7.31622E-05  0.003489027  0.941971688
860  0.94407146  0  7.60081E-05  0.003834314  0.939516197
861  0.94410824  0  7.89216E-05  0.004153328  0.939309685
862  0.94265873  0  8.17336E-05  0.004419846  0.937206868
863  0.938850164  0  8.44429E-05  0.004621463  0.932851919
864  0.934816284  0  8.72847E-05  0.004757644  0.928328602
865  0.929314329  0  9.01201E-05  0.00480597  0.921775093
866  0.923978583  0  9.2521E-05  0.004763195  0.9138139
867  0.920120903  0  9.53208E-05  0.004658286  0.902559052
868  0.917566919  0  9.80954E-05  0.004524903  0.893286268
869  0.917499255  0  0.000101017  0.004400733  0.885282263
870  0.915702784  0  0.000103521  0.004275711  0.874348095
871  0.912616752  0  0.000106227  0.00415709  0.861097375
872  0.910241739  0  0.00010921  0.004058127  0.847738847
873  0.902178612  0  0.000111812  0.003952829  0.828392879
874  0.892727168  0  0.000114516  0.003860013  0.806631755
875  0.882561116  0  0.000117318  0.003778778  0.782270583
876  0.87287899  0  0.000120251  0.003709381  0.7559107
877  0.862083747  0  0.000122999  0.003641531  0.726478079
878  0.853194029  0  0.000125966  0.003586716  0.697343029
879  0.843523491  0  0.000128796  0.003533732  0.666982431
880  0.835513271  0  0.00013191  0.003493471  0.637744559
881  0.829248064  0  0.000135448  0.003467371  0.609789447
882  0.819197934  0  0.000138621  0.003434207  0.5792178
883  0.809059854  0  0.000142164  0.003411853  0.548835425
884  0.796721302  0  0.000145862  0.003393501  0.517035706
885  0.781970435  0  0.000149755  0.003379121  0.48369641
886  0.765000893  0  0.000153897  0.003368991  0.449341269
887  0.745295842  0  0.000158153  0.003359046  0.414448655
888  0.723888147  0  0.000162707  0.003351756  0.38040118
889  0.701797654  0  0.000167731  0.003350805  0.348113808
890  0.677716134  0  0.000173742  0.00335052  0.316867166
891  0.651167355  0  0.000179974  0.003349765  0.286225108
892  0.622557798  0  0.000186458  0.003351929  0.256241496
893  0.590495506  0  0.000192553  0.003350106  0.22649981
894  0.558116842  0  0.000199012  0.003362001  0.198601283
895  0.522384119  0  0.000204319  0.003369293  0.171904169
896  0.486300691  0  0.000208997  0.003389191  0.147944474
897  0.447000738  0  0.000211453  0.003399668  0.126211928
898  0.406729399  0  0.00021042  0.003411924  0.107506368
899  0.367625181  0  0.000208777  0.003440596  0.092057393
900  0.328343089  0  0.000205334  0.003469274  0.078927406
901  0.290077081  0  0.000201059  0.003500155  0.067857136
902  0.254171897  0  0.00019634  0.003538846  0.058717472
903  0.220933278  0  0.000191739  0.003581757  0.051134463
904  0.190023502  0  0.000186477  0.003616142  0.044473155
905  0.162395369  0  0.00018126  0.003653764  0.038405452
906  0.138493708  0  0.000176692  0.003706531  0.032793021
907  0.1173609  0  0.000171821  0.003753663  0.027645033
908  0.098970174  0  0.000166752  0.003794788  0.023504247
909  0.0835785  0  0.000162309  0.003847075  0.020837963
910  0.070783551  0  0.000157671  0.003907255  0.019399441
911  0.059795081  0  0.000152749  0.003941975  0.018246324
912  0.050764398  0  0.000147824  0.003970185  0.01663129
913  0.04347169  0  0.000142987  0.004004292  0.014344303
914  0.037321983  0  0.00013824  0.00402444  0.011866876
915  0.032184343  0  0.000133582  0.00403846  0.010149279
916  0.027960485  0  0.00012903  0.004046149  0.009720088
917  0.024636646  0  0.000124825  0.004054631  0.010390204
918  0.021954062  0  0.000120141  0.004036146  0.011423901
919  0.01990741  0  0.000115377  0.004002474  0.01224876
920  0.01856054  0  0.000111079  0.00397219  0.012692381
921  0.017847951  0  0.000106932  0.003935008  0.012804399
922  0.017593761  0  0.000102879  0.003888591  0.012753314
923  0.017331292  0  9.85831E-05  0.00382027  0.012617027
924  0.016739285  0  9.49013E-05  0.00376347  0.012532761
925  0.015448889  0  9.09663E-05  0.003684925  0.012356786
926  0.013713985  0  8.7316E-05  0.003606497  0.012098722
927  0.011838155  0  8.36392E-05  0.003516124  0.011647866
928  0.010133995  0  8.01113E-05  0.003421634  0.010993719
929  0.008755415  0  7.68717E-05  0.003330142  0.010201734
930  0.007765598  0  7.36844E-05  0.003233516  0.009363777
931  0.007289078  0  7.07391E-05  0.003142155  0.008648525
932  0.007346401  0  6.79118E-05  0.003052459  0.008136896
933  0.007791579  0  0  0.002960498  0.007828302
934  0.008377635  0  0  0.002877349  0.007673473
935  0.008843618  0  0  0.002807289  0.007540119
936  0.00896396  0  0  0.002727158  0.00721163
937  0.008811176  0  0  0.002657386  0.006659001
938  0.00851882  0  0  0.002605178  0.005957237
939  0.008131399  0  0  0.002553257  0.005272349
940  0.007665416  0  0  0.002499853  0.004847842
941  0.00710095  0  0  0.002453526  0.004790684
942  0.006433041  0  0  0.002419894  0.004966867
943  0.00574335  0  0  0.002394344  0.005119393
944  0.005200213  0  0  0.002364123  0.005076727
945  0.005023474  0  0  0.002350856  0.004907697
946  0.005217054  0  0  0.002346419  0.004669776
947  0.005634599  0  0  0.002345131  0.004377808
948  0.006059269  0  0  0.002346278  0.004030644
949  0.006332687  0  0  0.002368292  0.003685452
950  0.006261781  0  0  0.002391174  0.003343606
951  0.005843324  0  0  0.002424842  0.003021458
952  0.005177832  0  0  0.002467173  0.00270616
953  0.004463371  0  0  0.002513405  0.002438224
954  0.003922896  0  0  0.002565822  0.002316011
955  0.003700517  0  0  0.002633907  0.002403002
956  0.003790456  0  0  0.002711651  0.002644274
957  0.004081654  0  0  0.002793895  0.002920824
958  0.00442425  0  0  0.002889265  0.00316087
959  0.004651758  0  0  0.002993202  0.00336073
960  0.00465449  0  0  0.003101248  0.003552593
961  0.00444942  0  0  0.003230469  0.003759904
962  0.004092091  0  0  0.003358864  0.003921395
963  0.003678805  0  0  0.003454679  0.003969756
964  0.003350843  0  0  0.003538234  0.003956065
965  0.003142211  0  0  0.003581195  0.003922005
966  0.003047031  0  0  0.00356416  0.003904022
967  0.003062061  0  0  0.003510471  0.00391666
968  0.003112891  0  0  0.003373569  0.003839626
969  0.003184088  0  0  0.003172961  0.003638952
970  0.003226961  0  0  0.002897151  0.003323546
971  0.003213911  0  0  0.002591519  0.00301884
972  0.003097708  0  0  0.002281751  0.002829882
973  0.002922991  0  0  0.002039975  0.002819328
974  0.002721517  0  0  0.001903046  0.002888772
975  0.002533741  0  0  0.00191105  0.002907848
976  0.002356055  0  0  0.002080279  0.002781265
977  0.002249748  0  0  0.002270473  0.002606825
978  0.002174934  0  0  0.001969136  0.002421304
979  0.002154219  0  0  0.002123596  0.002328018
980  0.002150544  0  0  0.002024749  0.0023392
981  0.002120134  0  0  0.002218364  0.002436063
982  0.002069502  0  0  0.002645163  0.00261161
983  0.001997888  0  0  0.003759361  0.002790038
984  0.001924653  0  0  0.002591928  0.002888421
985  0.001840478  0  0  0.002785351  0.002825779
986  0.001729023  0  0  0.001958595  0.002601852
987  0.001575596  0  0  0.001586719  0.002287934
988  0.001402643  0  0  0.001897592  0.002004818
989  0.00121452  0  0  0.001226374  0.001778372
990  0.001063993  0  0  0.002156675  0.001628225
991  0.000984207  0  0  0.003001929  0.001522873
992  0.000977602  0  0  0.001893285  0.001426784
993  0.001048752  0  0  0.001505157  0.001378517
994  0.001141394  0  0  0.000891911  0.001368968
995  0.001221155  0  0  0.00127275  0.001398517
996  0.001268836  0  0  0.002516193  0.001426918
997  0.001281522  0  0  0.00196621  0.001392492
998  0.001271597  0  0  0.001931033  0.001260824
999  0.001240631  0  0  0.001034807  0.001038602
1000  0.001199865  0  0  0.001714379  0.000792214    