400  1.41881E-06  1.90532E-07  2.03242E-07  2.69359E-06  9.99958E-07
401  1.66501E-06  1.5904E-07  1.77214E-07  2.30084E-06  7.58572E-07
402  1.77561E-06  6.56281E-07  3.06792E-07  2.00621E-06  4.74504E-07
403  1.72778E-06  4.65556E-07  2.4575E-07  1.66241E-06  2.4956E-07
404  1.47104E-06  3.89081E-07  1.67203E-07  2.23808E-06  5.38947E-07
405  1.4374E-06  2.64342E-07  2.46819E-07  2.59406E-06  9.91836E-07
406  1.61437E-06  8.83364E-07  3.21818E-07  2.47585E-06  1.39516E-06
407  1.68799E-06  1.27871E-06  2.91744E-07  2.72272E-06  1.54785E-06
408  2.10613E-06  7.38697E-07  4.30367E-07  2.47555E-06  1.3222E-06
409  3.10579E-06  5.70185E-07  6.36498E-07  5.38572E-06  9.86642E-07
410  3.64647E-06  1.89675E-07  5.54778E-07  5.91805E-06  1.51001E-06
411  3.45267E-06  4.15108E-07  2.89246E-07  6.49912E-06  2.07724E-06
412  2.6006E-06  4.029E-07  1.28083E-07  2.55996E-06  3.54487E-06
413  1.21485E-06  7.79395E-07  1.39571E-07  4.25545E-06  4.61977E-06
414  6.83487E-07  1.10927E-06  4.8528E-07  5.67291E-06  5.05173E-06
415  2.01844E-06  1.10118E-06  6.14336E-07  2.38875E-06  4.61815E-06
416  3.4849E-06  1.66821E-06  1.43381E-06  2.65051E-06  4.00952E-06
417  4.70492E-06  2.14337E-06  1.92844E-06  2.05244E-06  4.52189E-06
418  6.33191E-06  8.69294E-07  1.67284E-06  3.38298E-06  4.96893E-06
419  7.47005E-06  8.94702E-07  1.21653E-06  6.13728E-06  5.07282E-06
420  7.80584E-06  4.99073E-07  4.1368E-07  5.36835E-06  5.20052E-06
421  7.28371E-06  2.39429E-07  1.80678E-07  4.4568E-06  6.15717E-06
422  5.73287E-06  7.50471E-08  1.36433E-07  2.41619E-06  5.77181E-06
423  3.45328E-06  1.48301E-07  7.53927E-08  3.71199E-06  4.08341E-06
424  2.99099E-06  8.57526E-08  1.00253E-07  6.5131E-06  1.23354E-06
425  5.0347E-06  3.58771E-07  1.00043E-07  7.67931E-06  2.28476E-06
426  6.34896E-06  4.92891E-07  2.40038E-07  8.07007E-06  5.9319E-06
427  6.78854E-06  1.50618E-06  7.13505E-07  1.81556E-06  9.16254E-06
428  7.14855E-06  3.53452E-06  3.12207E-06  2.49268E-06  1.14807E-05
429  7.70751E-06  9.92898E-07  3.54834E-06  2.8723E-06  1.24796E-05
430  8.6084E-06  1.28893E-05  5.03274E-06  2.42137E-06  1.18074E-05
431  1.0776E-05  1.22598E-05  1.70603E-05  1.01376E-05  1.10549E-05
432  1.48405E-05  2.25796E-05  1.77122E-05  7.09475E-06  1.2845E-05
433  2.07214E-05  4.40122E-05  1.50213E-05  9.91541E-06  1.36134E-05
434  2.78516E-05  7.48886E-05  6.72267E-06  1.60226E-05  1.34696E-05
435  3.53736E-05  0.000149705  2.05574E-05  2.36601E-05  1.26501E-05
436  4.40138E-05  0.000236983  5.01425E-06  2.8477E-05  1.15912E-05
437  5.68879E-05  0.000213891  5.85426E-06  3.17601E-05  1.04497E-05
438  8.08932E-05  0.00015568  6.38548E-06  1.53014E-05  9.23054E-06
439  0.000126353  0.000120798  2.15185E-05  1.95908E-05  7.75253E-06
440  0.000206489  0.000209543  1.62995E-05  2.2695E-05  5.68026E-06
441  0.000325901  0.000375976  1.32575E-05  2.53396E-05  2.23513E-06
442  0.000493296  0.000831764  1.0597E-05  2.49588E-05  3.54986E-06
443  0.000708349  0.001801623  1.43823E-05  3.03889E-05  1.35443E-05
444  0.000979961  0.003234016  2.74128E-05  3.87273E-05  3.03684E-05
445  0.001358821  0.004371247  1.74044E-05  5.88036E-05  5.73758E-05
446  0.001942119  0.004807918  2.31824E-05  7.57356E-05  9.72454E-05
447  0.002863706  0.005164076  3.87367E-05  0.000105533  0.000149832
448  0.004308103  0.006718597  5.45573E-05  0.000132196  0.000213941
449  0.006326656  0.011273349  0.000110079  0.000187837  0.000281931
450  0.008998645  0.021803718  0.000149168  0.000267506  0.000352429
451  0.012199403  0.039007714  0.000194206  0.000361236  0.000421904
452  0.016144489  0.057768886  0.000289025  0.000481557  0.000502713
453  0.020944144  0.069994291  0.000382657  0.000573537  0.000599981
454  0.02713878  0.076716383  0.00041898  0.000615499  0.000723643
455  0.035019941  0.089291935  0.000389637  0.000665291  0.000866597
456  0.044607541  0.120934194  0.000374408  0.000753359  0.001010252
457  0.05549241  0.177310204  0.000361482  0.000872287  0.001128816
458  0.066489509  0.244771623  0.00034015  0.001058005  0.001191041
459  0.076857147  0.296133208  0.000355191  0.001308108  0.001190476
460  0.086462452  0.313183544  0.000386754  0.001654237  0.001144585
461  0.096018116  0.309242998  0.000421045  0.002199587  0.001092428
462  0.106283012  0.312336879  0.000444349  0.002997438  0.001077901
463  0.117531531  0.339436853  0.000487762  0.003851815  0.001138636
464  0.130212911  0.391408069  0.000564802  0.003967195  0.001303667
465  0.142820599  0.453209012  0.00062245  0.003015853  0.001561991
466  0.154829298  0.506845209  0.000666758  0.001943495  0.00188094
467  0.165789014  0.539986797  0.000700284  0.001314473  0.00219618
468  0.175440065  0.555488704  0.000691406  0.000936946  0.002427082
469  0.18417757  0.568282442  0.000682531  0.000672452  0.002514935
470  0.193393642  0.594362441  0.000667982  0.000467183  0.002458771
471  0.201543247  0.630581901  0.000695947  0.000326019  0.002270585
472  0.209383681  0.672249433  0.000739142  0.000233698  0.002023955
473  0.215740594  0.707166739  0.000809315  0.000173426  0.001767876
474  0.221613202  0.731226491  0.000926956  0.000139524  0.00154467
475  0.226272021  0.741862513  0.00108734  0.000131553  0.001351281
476  0.230090794  0.746416368  0.001289702  0.000137348  0.001176302
477  0.233969468  0.754426555  0.00152125  0.000169817  0.001008962
478  0.238554798  0.768817157  0.001684597  0.000210209  0.000845065
479  0.242408551  0.786369457  0.001666813  0.000282755  0.000683867
480  0.246960761  0.809306999  0.001466955  0.000396849  0.000540308
481  0.250251858  0.827016885  0.001175633  0.000571541  0.000418996
482  0.254248426  0.841407135  0.000905473  0.000897144  0.000328278
483  0.257364331  0.850922014  0.000701862  0.001376822  0.00026506
484  0.260569877  0.859114461  0.00054644  0.001650695  0.000227416
485  0.263630908  0.865415344  0.000410411  0.001342831  0.000212108
486  0.267019025  0.874469808  0.00032503  0.000812661  0.000220092
487  0.270744215  0.885718134  0.000284056  0.000519922  0.000259425
488  0.27401625  0.897299443  0.000266554  0.000368871  0.000350045
489  0.277354484  0.908827848  0.00024878  0.000267731  0.000531222
490  0.28063804  0.91947747  0.000237549  0.000196354  0.000860362
491  0.283412119  0.928246674  0.00022616  0.0001357  0.001396948
492  0.286604615  0.937873944  0.000248522  8.91219E-05  0.00217301
493  0.289233329  0.946720518  0.000284846  6.4819E-05  0.003127144
494  0.292536354  0.956590472  0.000298523  5.6411E-05  0.004107767
495  0.296099397  0.968367526  0.000325979  5.08959E-05  0.00487946
496  0.299400957  0.977880164  0.000394624  5.35383E-05  0.005231602
497  0.303264321  0.986079373  0.000470939  6.43762E-05  0.005116463
498  0.306847472  0.993857908  0.000586202  6.33225E-05  0.004633588
499  0.309893985  0.997811346  0.000794713  7.7122E-05  0.004005807
500  0.313062858  0.999291247  0.001123692  0.000105895  0.003462506
501  0.315737453  1  0.001626879  0.000142822  0.00312019
502  0.318331439  0.998052199  0.002430674  0.000196287  0.002989844
503  0.320960981  0.994272952  0.003723461  0.000292592  0.00299444
504  0.323496195  0.988279363  0.005739178  0.000455272  0.003023938
505  0.325798045  0.976561612  0.008932956  0.000654408  0.002983893
506  0.328390041  0.958048015  0.013863927  0.000736788  0.002830208
507  0.330602211  0.929746778  0.021269597  0.000591774  0.002559791
508  0.332894646  0.889306045  0.032119929  0.000387391  0.002218823
509  0.336422696  0.837711059  0.047908144  0.000256927  0.001870583
510  0.339220169  0.775332681  0.070154709  0.000188228  0.001550756
511  0.342634583  0.704440078  0.101394993  0.000141891  0.00129309
512  0.346455632  0.628080554  0.14452817  9.03358E-05  0.001099491
513  0.349694292  0.548858978  0.200355038  5.1855E-05  0.000955285
514  0.352231146  0.469534805  0.266306688  3.6005E-05  0.000843472
515  0.354603421  0.396131038  0.334443184  2.35396E-05  0.00074968
516  0.357041571  0.330859906  0.398392883  1.57712E-05  0.000663476
517  0.358801886  0.273148247  0.454561486  1.08698E-05  0.000578424
518  0.35967086  0.223711872  0.504023245  1.10267E-05  0.000494028
519  0.360164973  0.182801107  0.550475694  1.13895E-05  0.000413417
520  0.360416821  0.149177878  0.593631924  6.54519E-06  0.00033984
521  0.360093105  0.122032272  0.631978782  3.15281E-06  0.000275887
522  0.359835469  0.100480322  0.665242443  1.22687E-06  0.000224069
523  0.359711206  0.083194606  0.692723394  5.85491E-06  0.000184995
524  0.360118827  0.069364948  0.714864392  1.94383E-06  0.000158134
525  0.36077188  0.058321729  0.731173238  1.40144E-05  0.000141725
526  0.361914264  0.049536663  0.744801884  1.8929E-05  0.000134178
527  0.364483129  0.0425514  0.75769916  1.73351E-05  0.000134965
528  0.367157021  0.036793399  0.767789776  1.98617E-05  0.00014419
529  0.370981707  0.032020828  0.777171546  4.41116E-05  0.000164528
530  0.375400839  0.028083719  0.783983049  7.79103E-05  0.000200067
531  0.380076297  0.024895641  0.789118097  0.000105415  0.000257974
532  0.383499206  0.022135298  0.790024149  0.000150419  0.000349
533  0.386769947  0.019922929  0.788919856  0.000222626  0.00049119
534  0.389064464  0.018045069  0.785876045  0.000323223  0.000704324
535  0.390152444  0.016417051  0.780486571  0.000454495  0.001003389
536  0.390209275  0.015041298  0.7754848  0.000591894  0.001385397
537  0.38988026  0.013933884  0.773251701  0.000659746  0.001817862
538  0.388751156  0.013040824  0.772403181  0.000627664  0.002230235
539  0.38809484  0.012242369  0.774928791  0.000525477  0.002543856
540  0.387743805  0.011556212  0.780433251  0.00041555  0.002689024
541  0.388548936  0.011021054  0.789216532  0.000345294  0.002649296
542  0.390039997  0.01061484  0.799330452  0.00028359  0.00245538
543  0.392500683  0.010211728  0.811865508  0.000231887  0.002182019
544  0.395747179  0.0098848  0.825442103  0.000200948  0.001908478
545  0.400343998  0.00973296  0.840174987  0.000171846  0.001699928
546  0.40531177  0.009604432  0.853301638  0.000151141  0.001589871
547  0.409515718  0.009508959  0.864128189  0.000131981  0.001596161
548  0.413661297  0.00951501  0.873060101  0.000132955  0.001740496
549  0.416736264  0.009567841  0.877354526  0.000141137  0.002043481
550  0.419752541  0.009692116  0.881772298  0.000150922  0.002540379
551  0.421411852  0.009901869  0.882470234  0.00017175  0.003246192
552  0.423085097  0.010187251  0.882553123  0.000195653  0.004159613
553  0.424052369  0.010488096  0.88153435  0.000218272  0.005205398
554  0.425253015  0.010854129  0.881912125  0.000257764  0.006256682
555  0.426745743  0.011404674  0.882991385  0.000327717  0.007135948
556  0.428680326  0.012040446  0.884587944  0.000390731  0.007680471
557  0.430812674  0.012755905  0.887294037  0.000475885  0.007798171
558  0.433320905  0.013657599  0.891827566  0.000586898  0.007517418
559  0.436365481  0.014678731  0.899450969  0.000718027  0.006964382
560  0.437979378  0.015739643  0.905348212  0.000863242  0.006278775
561  0.440931466  0.017113841  0.91518356  0.001028607  0.005658936
562  0.44300428  0.018702419  0.923846766  0.00117999  0.005177504
563  0.445511484  0.020472808  0.934305131  0.001269967  0.00489589
564  0.447289011  0.022584909  0.942614128  0.001315088  0.004798537
565  0.448893878  0.024701327  0.95010802  0.001300168  0.004859688
566  0.451386329  0.026968218  0.959902589  0.001242559  0.005042169
567  0.454187453  0.029334027  0.96829258  0.001162954  0.005282408
568  0.456751412  0.031785591  0.973236701  0.001097876  0.005512585
569  0.459846438  0.034030824  0.97841451  0.001036066  0.005683976
570  0.463716126  0.03583194  0.981431817  0.000975591  0.005755981
571  0.468083929  0.037252198  0.985814274  0.000939288  0.005704444
572  0.472886924  0.03837488  0.988728178  0.000914237  0.005534827
573  0.477615149  0.038950278  0.990189831  0.000909176  0.005271097
574  0.48187566  0.038768006  0.991499482  0.000909461  0.004953599
575  0.486036894  0.038220937  0.993720811  0.000922433  0.00463348
576  0.489864054  0.037319346  0.996220696  0.000962993  0.004348497
577  0.493270771  0.03621112  0.998668705  0.001042187  0.004126345
578  0.496079244  0.034862059  0.999351218  0.001121049  0.003981546
579  0.498884896  0.033481376  1  0.001218292  0.003924312
580  0.500987219  0.032159795  0.993693983  0.001382483  0.003946857
581  0.504349351  0.030959994  0.984804269  0.001542263  0.004057157
582  0.50721924  0.029730449  0.963908453  0.001722246  0.00422947
583  0.510561958  0.02855958  0.928922226  0.001942087  0.004455252
584  0.514353922  0.027687987  0.873255603  0.002199135  0.004713734
585  0.519298364  0.027020387  0.799140181  0.002454377  0.004987103
586  0.523949776  0.026524779  0.703839823  0.002703027  0.005234742
587  0.52875209  0.026176743  0.594303159  0.002949283  0.005434074
588  0.534227687  0.025907388  0.48369607  0.003158752  0.005569405
589  0.538258515  0.026015961  0.380980894  0.003319974  0.005607892
590  0.543349488  0.026262499  0.293690637  0.003427364  0.005578081
591  0.547206401  0.026572803  0.22236756  0.003470775  0.005471223
592  0.55113242  0.027102394  0.166528587  0.003489971  0.005324097
593  0.554216848  0.02768462  0.123945855  0.003497735  0.005154389
594  0.557005919  0.028344026  0.092158458  0.003431472  0.004992662
595  0.559569739  0.029272054  0.068640913  0.003393542  0.004860038
596  0.562303592  0.03049902  0.051415219  0.003378871  0.004774048
597  0.564832719  0.032076844  0.038804974  0.003368286  0.004738722
598  0.567697641  0.033867493  0.029757847  0.003382847  0.004759163
599  0.569523031  0.03586374  0.023085596  0.003413716  0.004817872
600  0.572566638  0.038167996  0.018247551  0.003499986  0.004921826
601  0.57565077  0.040834796  0.014607258  0.003646201  0.005043733
602  0.579288707  0.043804385  0.011843916  0.003815535  0.005166745
603  0.582876487  0.046673573  0.009749301  0.004034172  0.005262638
604  0.586538304  0.049731765  0.008116064  0.004335557  0.00531124
605  0.59048663  0.052709287  0.006804839  0.004729327  0.005298295
606  0.594613287  0.055320087  0.00581729  0.005208641  0.00521438
607  0.597858787  0.05719283  0.004963562  0.005810429  0.005051233
608  0.601462118  0.057373654  0.004189919  0.006544702  0.004829741
609  0.604751793  0.055120759  0.003494426  0.0074914  0.004561545
610  0.607540219  0.049605587  0.002799232  0.008753482  0.004266978
611  0.610598913  0.041445201  0.002118142  0.010307344  0.003973264
612  0.614260227  0.031655443  0.00151552  0.012382215  0.003700257
613  0.617261422  0.022255715  0.001029661  0.014995896  0.003453343
614  0.620999073  0.014383046  0.000655383  0.018470578  0.003248802
615  0.624843468  0.008757982  0.000396506  0.023155963  0.00308702
616  0.628372148  0.005126419  0.000242131  0.029373177  0.002967512
617  0.632548341  0.002947468  0.000143084  0.037735911  0.002894609
618  0.637201831  0.001710156  8.85078E-05  0.048875147  0.00286594
619  0.641822088  0.001021786  5.55709E-05  0.064068044  0.002877213
620  0.646888025  0.000631251  3.70365E-05  0.084548143  0.002928305
621  0.653423392  0.000401264  2.59879E-05  0.11151157  0.003021395
622  0.660000685  0.00026464  1.94058E-05  0.146835302  0.003147267
623  0.666721407  0.000180684  1.48306E-05  0.192344582  0.003303266
624  0.673592805  0.000127036  1.21484E-05  0.248513551  0.003486087
625  0.680985856  9.11281E-05  1.00431E-05  0.316151716  0.003693929
626  0.688510012  6.79487E-05  8.74768E-06  0.391446469  0.00391995
627  0.695300783  5.17426E-05  7.93787E-06  0.469422776  0.004152362
628  0.701926908  4.04903E-05  7.35996E-06  0.539009805  0.004385645
629  0.708233086  3.19372E-05  6.94524E-06  0.598851514  0.004609401
630  0.71467461  2.60342E-05  6.73353E-06  0.645988754  0.004817804
631  0.719641465  2.15188E-05  6.56094E-06  0.677422812  0.00499266
632  0.724718255  1.79639E-05  6.497E-06  0.700691235  0.005139127
633  0.728770674  1.53487E-05  6.4611E-06  0.715186787  0.00524567
634  0.732536932  1.34312E-05  6.41993E-06  0.726684547  0.005316475
635  0.736855959  1.21819E-05  6.38618E-06  0.734500583  0.005360226
636  0.740502252  1.12235E-05  6.14843E-06  0.742288595  0.005374435
637  0.744798444  1.04323E-05  5.72048E-06  0.749401112  0.005378038
638  0.749366194  9.86853E-06  5.02196E-06  0.756019535  0.005378659
639  0.754816565  9.29305E-06  4.23113E-06  0.762369942  0.005390388
640  0.759168333  8.81654E-06  3.42746E-06  0.768120412  0.005407345
641  0.765058042  8.46983E-06  2.73241E-06  0.774631357  0.005455247
642  0.770682852  8.06072E-06  2.1614E-06  0.77815487  0.005527075
643  0.77724716  7.61077E-06  1.74257E-06  0.783015989  0.005636123
644  0.783396744  7.29088E-06  1.36799E-06  0.78608524  0.005775615
645  0.790212173  6.79281E-06  1.0792E-06  0.789184304  0.005954336
646  0.797665843  6.46291E-06  8.37678E-07  0.790781393  0.006171086
647  0.805593065  6.1047E-06  6.81232E-07  0.794077872  0.006421817
648  0.814009744  5.97876E-06  5.7862E-07  0.800298649  0.006702611
649  0.822043746  5.97046E-06  5.22624E-07  0.806407495  0.007001483
650  0.830198942  6.00266E-06  4.60246E-07  0.811237513  0.007317477
651  0.838739644  6.17671E-06  4.2022E-07  0.819774186  0.007647766
652  0.847019811  6.48845E-06  4.04267E-07  0.828341536  0.007980211
653  0.855669294  6.75184E-06  4.0064E-07  0.837530993  0.008312619
654  0.862271254  7.2247E-06  4.09145E-07  0.846672477  0.008611788
655  0.869745351  7.59112E-06  4.01737E-07  0.857625657  0.008896685
656  0.877033512  7.96793E-06  4.12022E-07  0.86831316  0.009149068
657  0.883647236  8.29543E-06  4.26465E-07  0.879723075  0.009358454
658  0.89118321  8.7109E-06  4.39559E-07  0.8911045  0.009539903
659  0.897730275  9.19137E-06  4.51389E-07  0.900958179  0.009674868
660  0.905275558  9.69475E-06  4.77885E-07  0.913160103  0.009789269
661  0.910103052  1.04798E-05  5.28855E-07  0.917682449  0.009848975
662  0.915883506  1.16485E-05  5.96702E-07  0.928109402  0.00990006
663  0.920880081  1.3299E-05  7.1263E-07  0.936093581  0.009930138
664  0.926638446  1.55766E-05  8.6668E-07  0.94176516  0.009962342
665  0.930651106  1.88443E-05  1.1162E-06  0.948038115  0.009976113
666  0.934573181  2.28182E-05  1.48374E-06  0.9530164  0.00999511
667  0.938387527  2.82322E-05  1.94616E-06  0.956695775  0.010023966
668  0.941195412  3.51664E-05  2.66184E-06  0.960225899  0.010057197
669  0.944467983  4.4168E-05  3.60082E-06  0.965352773  0.010114443
670  0.947857241  5.47584E-05  4.87543E-06  0.969382825  0.010195332
671  0.950722375  6.57141E-05  6.27775E-06  0.972299078  0.01029397
672  0.95452078  7.66995E-05  7.77578E-06  0.978418446  0.010423278
673  0.957774464  8.5089E-05  9.1884E-06  0.983094429  0.010560999
674  0.96058348  8.86684E-05  1.01536E-05  0.98573014  0.010700871
675  0.963651174  8.8005E-05  1.03716E-05  0.991408217  0.010844711
676  0.966624604  8.23239E-05  9.78645E-06  0.994630642  0.010984184
677  0.967755296  7.39786E-05  8.59143E-06  0.996146354  0.011094981
678  0.969952762  6.5581E-05  7.34517E-06  0.999060968  0.011204954
679  0.971574345  5.75262E-05  6.07482E-06  0.999255458  0.011289153
680  0.973054405  5.03644E-05  4.98153E-06  1  0.011346672
681  0.973736554  4.47391E-05  4.08301E-06  0.995965631  0.011365227
682  0.973630154  3.99619E-05  3.32639E-06  0.989863996  0.011341917
683  0.974906822  3.67722E-05  2.87613E-06  0.980230795  0.011300643
684  0.97517811  3.4903E-05  2.48812E-06  0.962772365  0.011214108
685  0.975658582  3.45093E-05  2.22706E-06  0.939488363  0.011099149
686  0.974988237  3.58216E-05  2.19545E-06  0.907300368  0.01094475
687  0.974520005  3.94764E-05  2.26688E-06  0.865098572  0.0107702
688  0.973032476  4.68888E-05  2.50836E-06  0.811598143  0.010562737
689  0.972097814  5.87197E-05  3.00035E-06  0.751525147  0.010336748
690  0.970418348  7.40705E-05  3.72051E-06  0.681905749  0.010074811
691  0.970566173  8.91116E-05  4.23262E-06  0.610275411  0.009803524
692  0.971355783  0.00010514  5.213E-06  0.537374773  0.009514945
693  0.971871375  0.000123944  6.1417E-06  0.466944343  0.009208503
694  0.971723358  0.000142474  6.99652E-06  0.400499497  0.008889856
695  0.97280644  0.000155873  7.9239E-06  0.341500917  0.008583244
696  0.972801272  0.000159148  8.29545E-06  0.287922351  0.008271946
697  0.973641555  0.000148269  7.88697E-06  0.241633109  0.007975136
698  0.974034737  0.000126828  7.17454E-06  0.202862321  0.007683799
699  0.975539515  9.95006E-05  5.82279E-06  0.169896044  0.007413312
700  0.974128597  7.31712E-05  4.47203E-06  0.142286908  0.007138253
701  0.973823272  5.19957E-05  3.38595E-06  0.11913829  0.006895647
702  0.973305429  3.66697E-05  2.44102E-06  0.100050887  0.006681439
703  0.971360944  2.66485E-05  1.83104E-06  0.084432751  0.006490713
704  0.970008186  2.01033E-05  1.46879E-06  0.071448461  0.006336206
705  0.967736476  1.56243E-05  1.22096E-06  0.060907362  0.006203193
706  0.966532047  1.2254E-05  1.01535E-06  0.052187016  0.00609833
707  0.963936933  9.7144E-06  8.46069E-07  0.044941789  0.006001003
708  0.961729636  7.74576E-06  6.94011E-07  0.038959992  0.005920215
709  0.959073828  5.7533E-06  5.33966E-07  0.033943949  0.005851473
710  0.956753308  3.64068E-06  3.5631E-07  0.029824067  0.005801984
711  0.954958017  2.13628E-06  2.1656E-07  0.026355971  0.005774933
712  0.953475624  1.77529E-06  1.82878E-07  0.023384719  0.005769625
713  0.952663656  1.00095E-06  1.01931E-07  0.020888333  0.005788204
714  0.952803997  4.73623E-07  4.80266E-08  0.018862172  0.005833487
715  0.953924944  5.08716E-07  5.09537E-08  0.017017531  0.005908371
716  0.952671066  9.6104E-07  9.46252E-08  0.015477727  0.005994806
717  0.952958581  1.80696E-06  1.73461E-07  0.014142145  0.006118486
718  0.953492898  2.71408E-06  2.52115E-07  0.012932459  0.006270979
719  0.953452415  3.25723E-06  3.04422E-07  0.011940947  0.00644516
720  0.953415039  3.19832E-06  2.91382E-07  0.011034868  0.006643263
721  0.953511919  2.73595E-06  2.42519E-07  0.010198363  0.00686663
722  0.952332086  2.36602E-06  1.96625E-07  0.009495401  0.007107965
723  0.951615033  2.33962E-06  1.8874E-07  0.008884328  0.007384881
724  0.951178211  2.45124E-06  1.92289E-07  0.008330665  0.007701954
725  0.949178496  2.39521E-06  1.83216E-07  0.007899133  0.008048883
726  0.947700804  2.14329E-06  1.59748E-07  0.007534498  0.0084472
727  0.946679666  2.2965E-06  1.63449E-07  0.007153266  0.008903545
728  0.944361827  2.40069E-06  1.63825E-07  0.006839736  0.00941106
729  0.94385666  2.21552E-06  1.47468E-07  0.006542437  0.010012897
730  0.941474926  1.67597E-06  1.09842E-07  0.00628479  0.010683245
731  0.942003025  1.27597E-06  8.10096E-08  0.006108253  0.011484575
732  0.940785809  1.04635E-06  6.62696E-08  0.005900891  0.012367942
733  0.938515286  1.89557E-06  1.19118E-07  0.00571399  0.013341755
734  0.936421999  2.16832E-06  1.33295E-07  0.00553075  0.014429545
735  0.934187143  3.78136E-06  2.27957E-07  0.00536185  0.015642196
736  0.932613702  4.68619E-06  2.81986E-07  0.005236917  0.01701483
737  0.932175216  4.77975E-06  2.8482E-07  0.005132133  0.018582655
738  0.930725625  4.10936E-06  2.39314E-07  0.005085819  0.020328041
739  0.929879542  3.77403E-06  2.16011E-07  0.005101954  0.022309765
740  0.929414688  5.53741E-06  3.11894E-07  0.005121351  0.024559828
741  0.930010652  7.77483E-06  4.35736E-07  0.00509865  0.027145096
742  0.928248416  9.85002E-06  5.51936E-07  0.004990862  0.030017922
743  0.928495327  1.11425E-05  6.29218E-07  0.004987298  0.033370445
744  0.929903094  1.21254E-05  6.88904E-07  0.00497657  0.037257157
745  0.930622258  1.24796E-05  7.19842E-07  0.00494117  0.041688393
746  0.932538958  1.032E-05  6.07179E-07  0.005025583  0.046842069
747  0.932904985  7.53944E-06  4.52453E-07  0.005051293  0.052697556
748  0.935799889  6.2557E-06  3.82665E-07  0.005092139  0.059615772
749  0.935824467  6.1868E-06  3.8539E-07  0.00514393  0.067416738
750  0.937464957  6.24441E-06  4.06794E-07  0.005158742  0.07655256
751  0.938945083  4.38132E-06  3.01619E-07  0.005216872  0.087087947
752  0.938006466  1.98116E-06  1.41494E-07  0.005254152  0.098991859
753  0.939772572  1.74796E-06  1.30876E-07  0.005276446  0.113026742
754  0.940561565  2.6023E-06  2.04377E-07  0.00539505  0.129098731
755  0.941438192  3.85307E-06  3.14596E-07  0.00555008  0.147628261
756  0.939420655  4.60023E-06  3.89094E-07  0.005649488  0.168386484
757  0.940697978  4.33372E-06  3.87234E-07  0.005766044  0.192694526
758  0.939340262  2.94335E-06  2.74743E-07  0.005794774  0.2196531
759  0.938182325  1.96185E-06  1.88863E-07  0.005818363  0.249928958
760  0.936983915  3.65668E-06  3.76348E-07  0.006003298  0.283529212
761  0.935066014  4.21462E-06  4.59432E-07  0.006071613  0.320173978
762  0.933733769  4.79799E-06  5.46572E-07  0.006161661  0.360090503
763  0.933033492  4.65155E-06  5.48257E-07  0.006254751  0.402996872
764  0.930992426  3.6983E-06  4.53979E-07  0.006395481  0.447425928
765  0.9303877  2.61839E-06  3.27933E-07  0.006522408  0.49382187
766  0.930095968  1.87742E-06  2.43882E-07  0.006658802  0.540771266
767  0.931020856  1.45836E-06  2.03556E-07  0.006915898  0.587861017
768  0.930761938  1.14517E-06  1.64335E-07  0.006996448  0.632623962
769  0.931107536  7.58008E-07  1.11307E-07  0.007063272  0.675251975
770  0.930861003  3.62424E-07  5.56378E-08  0.007181881  0.714106971
771  0.931776213  6.44736E-07  1.05458E-07  0.007319462  0.749927044
772  0.931112376  8.61225E-07  1.52283E-07  0.007509736  0.780165428
773  0.930446719  8.75093E-07  1.6289E-07  0.007670195  0.805912907
774  0.932387403  7.40482E-07  1.4548E-07  0.007863933  0.829599167
775  0.931699909  6.70944E-07  1.43403E-07  0.007968732  0.846926427
776  0.930987307  7.92613E-07  1.80975E-07  0.008050374  0.860607284
777  0.92970623  9.15202E-07  2.12872E-07  0.008149964  0.870655244
778  0.927663527  7.81094E-07  1.83275E-07  0.008265364  0.877366823
779  0.926934477  6.67564E-07  1.67232E-07  0.008390251  0.88311741
780  0.926630885  7.12173E-07  1.94867E-07  0.008611491  0.887415436
781  0.925348378  6.35973E-07  1.88985E-07  0.008770462  0.889224196
782  0.923091993  4.464E-07  1.37718E-07  0.008904418  0.888881513
783  0.922094196  1.96706E-07  6.39943E-08  0.009146896  0.888912259
784  0.920610337  1.85703E-07  6.82408E-08  0.0092842  0.887988433
785  0.917719976  3.70472E-07  1.488E-07  0.009358956  0.885481473
786  0.916773504  6.02638E-07  2.49382E-07  0.009497644  0.884783134
787  0.915738638  6.29459E-07  2.77827E-07  0.009606596  0.884046197
788  0.915526808  9.23261E-07  4.51664E-07  0.009697929  0.884281586
789  0.915634925  1.24445E-06  6.50018E-07  0.009704381  0.885161516
790  0.913853191  1.34786E-06  7.2742E-07  0.009745384  0.884680791
791  0.915735381  1.13596E-06  6.44688E-07  0.009878956  0.88826431
792  0.917012796  9.45432E-07  5.60959E-07  0.009835764  0.89172578
793  0.918589522  8.5198E-07  5.36067E-07  0.009833792  0.895802489
794  0.92236212  7.03197E-07  4.63851E-07  0.009793416  0.902187652
795  0.926197351  8.36729E-07  5.72297E-07  0.009621174  0.908682437
796  0.930198455  1.15609E-06  8.12807E-07  0.00947779  0.915333368
797  0.935912434  1.38942E-06  1.01678E-06  0.009356628  0.923661631
798  0.941262738  1.49309E-06  1.14563E-06  0.009244433  0.931614714
799  0.945831963  1.37466E-06  1.11059E-06  0.009205096  0.938716402
800  0.95212999  1.72903E-06  1.49365E-06  0.009085328  0.947351474
801  0.958478797  0  1.55891E-06  0.008867246  0.955744428
802  0.964024428  0  1.46097E-06  0.008688071  0.962975431
803  0.971102299  0  1.53285E-06  0.008392595  0.971387739
804  0.975288705  0  1.92438E-06  0.007987047  0.976610865
805  0.981081122  0  2.61871E-06  0.007683048  0.983161754
806  0.987021588  0  3.52232E-06  0.007486938  0.989520836
807  0.991067829  0  4.57278E-06  0.007285243  0.99354908
808  0.995454796  0  5.92895E-06  0.007055637  0.997457532
809  0.997810572  0  7.63917E-06  0.006772528  0.998940039
810  1  0  9.42129E-06  0.006460224  1
811  0.999097612  0  1.12139E-05  0.006178549  0.997865856
812  0.997220184  0  1.26135E-05  0.005981485  0.994810479
813  0.998749952  0  1.31796E-05  0.005827954  0.995342099
814  0.997534154  0  1.34798E-05  0.00542341  0.993420538
815  0.995036344  0  1.28666E-05  0.005063193  0.990537558
816  0.994242432  0  1.16833E-05  0.004859548  0.989647096
817  0.989247609  0  1.06525E-05  0.004723175  0.984853431
818  0.987683026  0  1.00789E-05  0.004561191  0.983764806
819  0.984239622  0  9.84976E-06  0.004450881  0.981112331
820  0.981666123  0  9.33946E-06  0.004344177  0.97960673
821  0.977537603  0  8.87072E-06  0.004094901  0.976736204
822  0.972792456  0  8.60125E-06  0.004012257  0.973307177
823  0.973923649  0  8.80843E-06  0.003768721  0.975712235
824  0.972083082  0  9.19008E-06  0.00353051  0.975043709
825  0.972264352  0  9.96382E-06  0.003294367  0.976325489
826  0.970903165  0  1.08406E-05  0.003304132  0.97607043
827  0.972288641  0  1.29293E-05  0.003145718  0.978697515
828  0.971502478  0  1.76754E-05  0.003089028  0.979294812
829  0.97073301  0  2.29809E-05  0.00286175  0.979949848
830  0.971825182  0  2.94098E-05  0.002690032  0.9822778
831  0.973209346  0  3.6268E-05  0.002827053  0.984409951
832  0.973216136  0  4.24845E-05  0.002645347  0.984467005
833  0.973729647  0  4.80879E-05  0.002620582  0.984352439
834  0.974376914  0  5.02809E-05  0.002625621  0.983867702
835  0.97621915  0  4.28805E-05  0.002500471  0.984339268
836  0.976049067  0  4.13E-05  0.002251998  0.982730628
837  0.975225398  0  4.16025E-05  0.00235702  0.980482501
838  0.974519622  0  4.05103E-05  0.002488941  0.978341991
839  0.972443341  0  3.88998E-05  0.002531903  0.974780887
840  0.972499897  0  3.65508E-05  0.002506939  0.973326464
841  0.970201794  0  3.3657E-05  0.002415361  0.969554468
842  0.969281169  0  3.52874E-05  0.002280076  0.967325179
843  0.965870307  0  3.41931E-05  0.002105386  0.962953569
844  0.964070766  0  3.73543E-05  0.00191397  0.960940748
845  0.960471793  0  3.80083E-05  0.001711804  0.957452403
846  0.96037419  0  3.97467E-05  0.001521278  0.957611839
847  0.959387131  0  4.08728E-05  0.001347153  0.956705887
848  0.959338226  0  4.25307E-05  0.001205199  0.956289327
849  0.960087344  0  4.50306E-05  0.00110806  0.956210957
850  0.963674776  0  4.76467E-05  0.001071211  0.958742423
851  0.965388693  0  4.90212E-05  0.001103009  0.959417957
852  0.966571982  0  5.16338E-05  0.0012145  0.95975739
853  0.96787156  0  5.43493E-05  0.001399155  0.960665534
854  0.964273863  0  5.69116E-05  0.001637676  0.957180879
855  0.960205002  0  5.95827E-05  0.001924156  0.952915693
856  0.954731871  0  6.22994E-05  0.002244704  0.947500688
857  0.94762228  0  6.49858E-05  0.00258411  0.940964919
858  0.941606604  0  6.77269E-05  0.002933051  0.935346819
859  0.93537632  0  7.03338E-05  0.003270581  0.929754967
860  0.932459025  0  7.30626E-05  0.003593904  0.927242057
861  0.932427308  0  7.58577E-05  0.003892632  0.926970596
862  0.929318262  0  7.8419E-05  0.004134956  0.923228925
863  0.927514106  0  8.11891E-05  0.00433269  0.920875479
864  0.923228901  0  8.38942E-05  0.004458913  0.916112515
865  0.917703921  0  8.66108E-05  0.004503757  0.909554833
866  0.913456972  0  8.90178E-05  0.004468671  0.902709291
867  0.909643221  0  9.17116E-05  0.004370249  0.891591211
868  0.906809062  0  9.4349E-05  0.004243667  0.882130269
869  0.904948068  0  9.69669E-05  0.004119048  0.872496438
870  0.903583192  0  9.94152E-05  0.004003832  0.862108526
871  0.899723553  0  0.000101921  0.003889233  0.848275416
872  0.896142561  0  0.000104639  0.003791402  0.833962275
873  0.888575516  0  0.000107177  0.003694568  0.815271264
874  0.879461549  0  0.000109793  0.003608617  0.794030862
875  0.870147381  0  0.00011257  0.00353552  0.770670951
876  0.858606995  0  0.000115117  0.003462547  0.74297609
877  0.849498066  0  0.000117958  0.003405265  0.715318429
878  0.839996903  0  0.000120696  0.003351049  0.68602557
879  0.832126645  0  0.000123653  0.003308109  0.65746192
880  0.824045003  0  0.000126615  0.003269706  0.628504371
881  0.816276549  0  0.000129758  0.003238971  0.599786547
882  0.807978713  0  0.000133061  0.003214337  0.570843332
883  0.797623746  0  0.000136401  0.003191991  0.540659105
884  0.785900869  0  0.000140027  0.003176605  0.509619267
885  0.770660103  0  0.000143636  0.003160314  0.476331574
886  0.752337476  0  0.000147296  0.003144159  0.441561321
887  0.734603689  0  0.00015171  0.003141914  0.408186939
888  0.713906382  0  0.000156166  0.003136867  0.374865624
889  0.691215439  0  0.000160777  0.003131876  0.342599504
890  0.666992057  0  0.000166413  0.00312924  0.311611903
891  0.641951605  0  0.000172675  0.003133848  0.281956013
892  0.611975543  0  0.00017838  0.003126821  0.251691073
893  0.581021101  0  0.000184389  0.003128151  0.222693281
894  0.548585127  0  0.000190374  0.003135961  0.195058515
895  0.51357202  0  0.000195493  0.003143431  0.1688736
896  0.477867701  0  0.000199873  0.003160477  0.14526651
897  0.43966573  0  0.000202414  0.003173253  0.12404485
898  0.400921149  0  0.00020186  0.003191586  0.105889173
899  0.36202674  0  0.000200091  0.00321531  0.090585364
900  0.322804268  0  0.000196464  0.003236711  0.077535963
901  0.285763782  0  0.000192765  0.003272163  0.066796431
902  0.249595466  0  0.000187641  0.003297803  0.057615651
903  0.217116197  0  0.00018338  0.003340266  0.050212142
904  0.186646813  0  0.000178258  0.003370642  0.043649087
905  0.159894006  0  0.000173688  0.003413917  0.037784649
906  0.136245502  0  0.000169168  0.0034603  0.032235731
907  0.115453604  0  0.000164502  0.003504235  0.027174724
908  0.097605642  0  0.000160049  0.003551501  0.023162258
909  0.082355908  0  0.000155652  0.003597367  0.020517263
910  0.069415699  0  0.000150483  0.003636227  0.019009843
911  0.058774687  0  0.000146121  0.003676991  0.017921082
912  0.049995822  0  0.000141687  0.003710557  0.016366823
913  0.042768063  0  0.000136905  0.00373846  0.014101213
914  0.036709146  0  0.000132329  0.003756375  0.01166299
915  0.031609753  0  0.000127684  0.003763969  0.009960373
916  0.02751079  0  0.000123555  0.003777932  0.00955636
917  0.024175134  0  0.000119206  0.003775657  0.010187681
918  0.021604176  0  0.00011506  0.003769151  0.011233141
919  0.019673612  0  0.000110969  0.003753632  0.012095545
920  0.018312029  0  0.000106657  0.00371903  0.012512754
921  0.017607734  0  0.000102668  0.003683957  0.012622294
922  0.017307508  0  9.84945E-05  0.003630128  0.012536112
923  0.017118654  0  9.47658E-05  0.003580854  0.012452589
924  0.016474827  0  9.09005E-05  0.003515008  0.01232522
925  0.015250164  0  8.73913E-05  0.003451913  0.012188402
926  0.013512317  0  8.3728E-05  0.003372141  0.011911587
927  0.011687022  0  8.036E-05  0.003294108  0.011490267
928  0.010038767  0  7.72332E-05  0.003216526  0.010881989
929  0.008643408  0  7.38559E-05  0.003119787  0.010063435
930  0.00766693  0  7.07999E-05  0.003029531  0.009237652
931  0.007196584  0  6.7971E-05  0.002943983  0.008532175
932  0.007243612  0  6.51683E-05  0.002856172  0.008016841
933  0.007689126  0  0  0.002772491  0.007719391
934  0.008263874  0  0  0.002693448  0.007563419
935  0.008692426  0  0  0.002618496  0.007405479
936  0.008834629  0  0  0.00255066  0.007102084
937  0.008717746  0  0  0.002495048  0.006583296
938  0.008394807  0  0  0.002436254  0.005865974
939  0.008015142  0  0  0.00238833  0.005192949
940  0.007562938  0  0  0.002340578  0.004779332
941  0.007021323  0  0  0.002302221  0.0047333
942  0.006357576  0  0  0.002269475  0.004904805
943  0.005668055  0  0  0.002242379  0.00504837
944  0.005138343  0  0  0.002216796  0.005012447
945  0.004965457  0  0  0.002205134  0.004847266
946  0.005146129  0  0  0.002196417  0.004602728
947  0.005582012  0  0  0.002204696  0.004333596
948  0.006005611  0  0  0.002206837  0.003991861
949  0.006250004  0  0  0.002218101  0.00363452
950  0.006185498  0  0  0.002241516  0.003300319
951  0.005779992  0  0  0.002276169  0.002986399
952  0.005109401  0  0  0.002310338  0.002668329
953  0.004416015  0  0  0.002359847  0.002410488
954  0.003881944  0  0  0.002409478  0.002290061
955  0.003669695  0  0  0.002478689  0.002381144
956  0.003747379  0  0  0.00254404  0.002612201
957  0.004037416  0  0  0.002622595  0.002886933
958  0.004381199  0  0  0.002715155  0.003127692
959  0.004602912  0  0  0.002810642  0.003322869
960  0.004621163  0  0  0.002921928  0.003524428
961  0.004412485  0  0  0.00304018  0.003725809
962  0.004037846  0  0  0.003145218  0.00386642
963  0.003642659  0  0  0.003246186  0.003927711
964  0.003312929  0  0  0.003319697  0.003908278
965  0.003109843  0  0  0.00336345  0.003878602
966  0.003025327  0  0  0.0033582  0.003873216
967  0.003029693  0  0  0.003296128  0.003872261
968  0.003093766  0  0  0.003181757  0.003813085
969  0.003166335  0  0  0.002994266  0.003615864
970  0.00320407  0  0  0.002729816  0.003297418
971  0.003186087  0  0  0.002437991  0.002990391
972  0.003082134  0  0  0.002154434  0.002813477
973  0.002907007  0  0  0.001925295  0.002801743
974  0.002701368  0  0  0.001792569  0.002865167
975  0.002508285  0  0  0.001795314  0.002876406
976  0.00234671  0  0  0.001966298  0.00276809
977  0.00223536  0  0  0.002140838  0.00258815
978  0.002167242  0  0  0.001862048  0.002410874
979  0.002145026  0  0  0.002006636  0.00231629
980  0.002134709  0  0  0.001907284  0.00232018
981  0.002108635  0  0  0.002093749  0.002420976
982  0.002054512  0  0  0.002492006  0.002590688
983  0.001987498  0  0  0.00354898  0.002773382
984  0.00191735  0  0  0.002450336  0.002875235
985  0.001835254  0  0  0.002635721  0.002815579
986  0.001725438  0  0  0.001854801  0.002594449
987  0.001574201  0  0  0.00150442  0.002284141
988  0.001390096  0  0  0.001784656  0.001985348
989  0.001212454  0  0  0.001161817  0.001773974
990  0.001060533  0  0  0.002039971  0.001621675
991  0.000977744  0  0  0.002830041  0.001511701
992  0.000977715  0  0  0.001796884  0.001425844
993  0.001045421  0  0  0.001423816  0.001373075
994  0.001136712  0  0  0.000842927  0.001362298
995  0.001217159  0  0  0.001203854  0.001392862
996  0.001266363  0  0  0.002383146  0.001423036
997  0.001280712  0  0  0.001864699  0.001390534
998  0.001269169  0  0  0.001829  0.001257444
999  0.001238114  0  0  0.000980011  0.001035693
1000  0.001196137  0  0  0.001621845  0.000789142