400 0.000079465 0.000173132 0 0 0
401 0.00004269 0.000184627 0 0 0
402 9.75283E-05 0.000130932 0 0 0
403 -5.61867E-05 0.000191653 0 0 0
404 9.73733E-05 0.000187138 0 0 0
405 -4.75867E-05 0.000131965 0 0 0
406 0.000158352 3.60133E-05 0 0 0
407 -0.000100078 5.29133E-05 0 0 0
408 0.00005725 6.96883E-05 0 0 0
409 -4.67167E-05 0.000154432 0 0 0
410 0.000119893 0.000164795 0 0 0
411 5.83617E-05 0.000160175 0 0 0
412 1.49617E-05 0.00014837 0 0 0
413 0.000046475 0.000150273 0 0 0
414 8.85217E-05 0.000117165 0 0 0
415 0.000145185 0.000126325 0 0 0
416 0.000110307 0.000183922 0 0 0
417 8.16267E-05 0.000168525 0 0 0
418 -1.80667E-06 0.000104338 0 0 0
419 7.90967E-05 0.0000515 0 0 0
420 -0.00000771 5.13083E-05 0 0 0
421 7.44117E-05 4.45583E-05 0 0 0
422 -0.000011965 1.21183E-05 0 0 0
423 0.000091095 -6.55167E-06 0 0 0
424 1.09783E-05 6.09133E-05 0 0 0
425 8.53233E-05 6.85733E-05 0 0 0
426 0.000107828 9.04833E-05 0 0 0
427 0.000151252 6.33183E-05 0 0 0
428 -6.54333E-06 0.000081605 0 0 0
429 -2.17633E-05 8.99383E-05 0 0 0
430 -1.57033E-05 0.000100882 0 0 0
431 2.86067E-05 0.000120778 0 0 0
432 2.61517E-05 0.000105378 0 0 0
433 -5.16617E-05 0.0000521 0 0 0
434 0.00003906 0.00004182 0 0 0
435 -0.00002288 9.21017E-05 0 0 0
436 0.0000454 0.0004375 0 0 0
437 -6.60633E-05 0.003214518 0 0 0
438 8.15833E-06 0.030504287 0 0 0
439 -2.90383E-05 0.175743388 0 0 0
440 4.84417E-05 0.46438142 0 0 0
441 -2.20067E-05 0.717386188 0 0 0
442 6.53483E-05 0.84875587 0 0 0
443 -0.00002183 0.919554905 0 0 0
444 -1.66167E-05 0.95553191 0 0 0
445 0.000116125 0.971856907 0 0 0
446 0.000713058 0.978544737 0 0 0
447 0.006361513 0.979313828 0 0 0
448 0.066812998 0.974771497 0 0 0
449 0.367836325 0.969549698 0 0 0
450 0.72919263 0.971943952 -6.58717E-05 0 0
451 0.862475143 0.977271887 -4.86017E-05 0 0
452 0.890828047 0.97925184 -0.0000013 0 0
453 0.905027013 0.980516988 0.000072905 0 0
454 0.924811655 0.98063538 6.91383E-05 0 0
455 0.948841205 0.977828205 -2.59833E-06 0 0
456 0.972212518 0.977021353 0.00000292 0 0
457 0.981229443 0.980221752 0.000037435 0 0
458 0.977603643 0.98270797 0.00002446 0 0
459 0.976699592 0.983681648 -3.44833E-05 0 0
460 0.980397613 0.984090767 -6.31333E-06 0 0
461 0.97900177 0.983466343 8.90333E-06 0 0
462 0.971799805 0.983352392 6.61567E-05 0 0
463 0.968127885 0.982976783 7.59833E-06 0 0
464 0.972670895 0.978435737 1.06683E-05 0 0
465 0.981016178 0.972939568 -5.94683E-05 0 0
466 0.987001145 0.97379578 2.06717E-05 0 0
467 0.988815782 0.978428368 -6.61833E-06 0 0
468 0.988792777 0.978728758 0.000034865 0 0
469 0.98859979 0.976395135 4.97033E-05 0 0
470 0.988563843 0.978301657 3.33983E-05 0 0
471 0.988963867 0.981484918 -3.27483E-05 0 0
472 0.989215982 0.980548305 8.08333E-07 0 0
473 0.988818762 0.977153003 3.33667E-05 0 0
474 0.99029424 0.974063407 3.72367E-05 0 0
475 0.990004898 0.971627217 1.33783E-05 0 0
476 0.987320882 0.97035364 0.000043345 0 0
477 0.983023468 0.973276337 0.000032065 0 0
478 0.980002525 0.978235528 -0.00002852 0 0
479 0.980765585 0.980052362 2.20833E-05 0 0
480 0.983190285 0.97972954 1.28917E-05 0 0
481 0.98651982 0.980862223 1.07967E-05 0 0
482 0.987386762 0.981050917 -0.00001016 0 0
483 0.98424995 0.97705418 0.00004578 0 0
484 0.980200158 0.972211588 1.19283E-05 0 0
485 0.975546513 0.971101145 1.90233E-05 0 0
486 0.973100462 0.97255439 -2.53117E-05 0 0
487 0.974392243 0.973445845 3.65933E-05 0 0
488 0.978716483 0.97234885 -6.60667E-06 0 0
489 0.98258037 0.970873485 9.65E-07 0 0
490 0.98168023 0.968364057 -0.00000999 0 0
491 0.97403095 0.965193703 1.27267E-05 0 0
492 0.964159277 0.966307817 1.61667E-07 0 0
493 0.95953538 0.969702912 -3.80183E-05 0 0
494 0.962879738 0.971593007 -5.08783E-05 0 0
495 0.972215625 0.970522937 -2.20467E-05 0 0
496 0.980910468 0.971090697 0.000021555 0 0
497 0.981948238 0.972869225 0.000006915 0 0
498 0.975018533 0.971919358 0.000013025 0 0
499 0.967174492 0.965862222 -7.23333E-06 0 0
500 0.962964195 0.959206755 1.15683E-05 0 0
501 0.965822375 0.95765597 2.36083E-05 0 0
502 0.97134872 0.96019956 0.000108492 0 0
503 0.975451308 0.964043995 0.000217388 0 0
504 0.976067948 0.968842773 0.001147978 0 0
505 0.973915058 0.970901137 0.00789158 0 0
506 0.971255212 0.969195787 0.057114772 0 0
507 0.970777262 0.963712697 0.246786947 0 0
508 0.973291072 0.944650893 0.562603368 0 0
509 0.97706064 0.873427395 0.773337482 0 0
510 0.980820688 0.608082567 0.853875317 0 0
511 0.983484253 0.297248513 0.927094608 0 0
512 0.98470899 0.170898102 0.967325592 0 0
513 0.985018015 0.107551462 0.97395604 0 0
514 0.985358193 0.039542362 0.975786122 0 0
515 0.9847322 0.008006863 0.977245375 0 0
516 0.984974048 0.001228597 0.979049037 0 0
517 0.985394455 0.000303553 0.980859742 0 0
518 0.985673785 0.000073825 0.981980768 0 0
519 0.98653446 3.81017E-05 0.982436785 0 0
520 0.98647193 7.65167E-06 0.981206345 0 0
521 0.986085825 -4.47983E-05 0.979259557 0 0
522 0.984244897 7.56983E-05 0.977593147 0 0
523 0.981016557 -1.91167E-06 0.977470057 0 0
524 0.977555153 4.62083E-05 0.978964985 0 0
525 0.973556708 0.000003985 0.979790823 0 0
526 0.970588013 0.000155455 0.979857393 0 0
527 0.969299292 -0.00004796 0.980124753 0 0
528 0.97055558 0.00000892 0.981549058 0 0
529 0.972898005 -0.00000191 0.982807515 0 0
530 0.974745395 9.90583E-05 0.982974177 0 0
531 0.975449688 2.91467E-05 0.983115363 0 0
532 0.97357772 0.00013152 0.983122697 0 0
533 0.96983831 9.63267E-05 0.982879738 0 0
534 0.966245412 0.000128972 0.982743643 0 0
535 0.963430713 0.000027225 0.982125052 0 0
536 0.96351825 0.00008536 0.98184985 0 0
537 0.965723483 -7.16333E-05 0.981970477 0 0
538 0.969780957 -1.86217E-05 0.982374055 0 0
539 0.974648067 7.19383E-05 0.983239402 0 0
540 0.97768873 9.26067E-05 0.982943297 0 0
541 0.979782403 0.000170757 0.982503733 0 0
542 0.980682623 8.94467E-05 0.982579105 0 0
543 0.98117262 8.48267E-05 0.983074652 0 0
544 0.98110897 3.70767E-05 0.982827813 0 0
545 0.980689738 0.00006542 0.981809585 0 0
546 0.981856018 -2.60833E-05 0.98169074 0 0
547 0.982778278 6.69467E-05 0.981545938 0 0
548 0.983756765 -4.43767E-05 0.982392805 0 0
549 0.985045873 0.000022735 0.982660883 0 0
550 0.985200012 3.30583E-05 0.979770562 8.41717E-05 0
551 0.985442003 0 0.975459278 4.37733E-05 0
552 0.984660852 0 0.970721075 0 0
553 0.984128122 0 0.968878557 4.04167E-05 0
554 0.98473621 0 0.970131393 2.81733E-05 0
555 0.984919788 0 0.970975685 1.25733E-05 0
556 0.98503584 0 0.971096727 7.82983E-05 0
557 0.984284802 0 0.971140175 0.000118522 0
558 0.982915127 0 0.97290353 2.43433E-05 0
559 0.98082155 0 0.975526977 7.20717E-05 0
560 0.977672043 0 0.97764134 0.000007 0
561 0.9734745 0 0.976675177 4.38817E-05 0
562 0.968860622 0 0.975183885 0.00014674 0
563 0.966558153 0 0.975948273 0.000115923 0
564 0.96589863 0 0.977977723 2.27433E-05 0
565 0.966596823 0 0.97934641 0.000046595 0
566 0.96965746 0 0.979447225 0.000030065 0
567 0.973427132 0 0.97780844 8.14317E-05 0
568 0.977850215 0 0.97731027 0.000077135 0
569 0.982226522 0 0.977960328 0.000101015 0
570 0.984284722 0 0.977947907 0.00001208 0
571 0.985897335 0 0.97940548 0.00009791 0
572 0.985903715 0 0.979753788 0.000008105 0
573 0.985503218 0 0.979476917 3.52833E-05 0
574 0.985411715 0 0.978146343 5.19833E-05 0
575 0.98526321 0 0.975884548 0.000154522 0
576 0.984960862 0 0.975161915 0.00011495 0
577 0.98352065 0 0.975655213 7.86783E-05 0
578 0.981550913 0 0.976618647 8.18467E-05 0
579 0.978993888 0 0.976627292 0.00004689 0
580 0.975437813 0 0.975865782 0.00000302 0
581 0.973270603 0 0.977085523 -7.60067E-05 0
582 0.971710528 0 0.977395643 1.22417E-05 0
583 0.971640065 0 0.975731962 0.000041795 0
584 0.973353593 0 0.969819652 3.32083E-05 0
585 0.974812975 0 0.956299143 -3.53933E-05 0
586 0.978902738 0 0.936001378 8.08483E-05 0
587 0.98160106 0 0.826532033 2.70167E-06 0
588 0.983701665 0 0.56022657 8.93133E-05 0
589 0.984609222 0 0.298467278 3.24217E-05 0
590 0.984315592 0 0.177570052 0.00013917 0
591 0.98252161 0 0.1016885 0.00015787 0
592 0.982102625 0 0.036205572 0.000375567 0
593 0.980804265 0 0.008035018 0.000823992 0
594 0.97985205 0 0.001692698 0.002281665 0
595 0.978667308 0 0.000436322 0.007405693 0
596 0.978756748 0 0.000112463 0.02778686 0
597 0.98019432 0 5.03783E-05 0.101805993 0
598 0.981116693 0 -1.17467E-05 0.289266305 0
599 0.983151332 0 4.76167E-06 0.562586685 0
600 0.984204232 0 -8.29533E-05 0.759188983 0
601 0.982951563 0 3.89283E-05 0.832747818 0
602 0.978782048 0 -6.22483E-05 0.88488515 0
603 0.974905633 0 0.000017945 0.94190533 0
604 0.971612252 0 -5.19633E-05 0.973095822 0
605 0.96939744 0 0.00008071 0.981035457 0
606 0.968400202 0 -1.66667E-09 0.98118916 0
607 0.971631205 0 3.95417E-05 0.982011765 0
608 0.97546733 0 3.47833E-05 0.981067988 0
609 0.979248402 0 -0.00001764 0.979028797 0
610 0.981060313 0 -1.58333E-07 0.977010048 0
611 0.981457683 0 4.27383E-05 0.977008713 0
612 0.979493778 0 9.23917E-05 0.977735372 0
613 0.979148988 0 0.000035755 0.980940245 0
614 0.978638577 0 8.21583E-05 0.982576473 0
615 0.979015463 0 1.20733E-05 0.98287643 0
616 0.981014842 0 9.97933E-05 0.983159295 0
617 0.982308895 0 7.30833E-06 0.982896553 0
618 0.983842545 0 9.29517E-05 0.983437373 0
619 0.984580018 0 0.000116498 0.983455078 0
620 0.983855605 0 0.000139828 0.982355635 0
621 0.982904542 0 -1.62067E-05 0.9809414 0
622 0.982737502 0 0.00007592 0.979143042 0
623 0.983009392 0 4.33283E-05 0.977516628 0
624 0.985647087 0 8.52083E-05 0.979343862 0
625 0.985442543 0 0.00009439 0.98012701 0
626 0.984789987 0 -3.45017E-05 0.982516298 0
627 0.981320095 0 8.20083E-05 0.984046593 0
628 0.977732905 0 0.0000353 0.985436607 0
629 0.974151938 0 0.000166397 0.984789062 0
630 0.971560722 0 -0.000042755 0.983359017 0
631 0.972179713 0 0.00011767 0.982030253 0
632 0.973685902 0 0.000031465 0.979370573 0
633 0.976667805 0 0.000111637 0.977742237 0
634 0.980667887 0 -6.83167E-06 0.978326733 0
635 0.983096168 0 0.000107412 0.979821193 0
636 0.982602595 0 0.000010485 0.981140353 0
637 0.980432517 0 7.14833E-05 0.982423718 0
638 0.977536383 0 8.42183E-05 0.983250212 0
639 0.972959178 0 8.48233E-05 0.982772088 0
640 0.968321535 0 0.000043345 0.98236423 0
641 0.965405337 0 0.00007007 0.983677797 0
642 0.963349635 0 7.97767E-05 0.984151562 0
643 0.962342252 0 -3.97333E-06 0.98384342 0
644 0.962888982 0 0.000104562 0.98327257 0
645 0.963114083 0 0.00007624 0.981222463 0
646 0.963986052 0 0.000111415 0.979660163 0
647 0.95868455 0 1.20767E-05 0.977240618 0
648 0.931947552 0 0.00010249 0.976410347 0
649 0.839270603 0 1.01683E-05 0.97578208 0
650 0.653385917 0 8.33917E-05 0.976445775 0.000059405
651 0.436098127 0 0 0.977314438 -6.81417E-05
652 0.266877958 0 0 0.97775014 0.000116698
653 0.153187375 0 0 0.97863645 -0.000054475
654 0.078477215 0 0 0.979099948 0.000012075
655 0.036017195 0 0 0.979130393 -0.00003828
656 0.016258767 0 0 0.979356967 0.00000286
657 0.007756235 0 0 0.978784258 6.82833E-06
658 0.003995373 0 0 0.97797884 -0.000026845
659 0.002265245 0 0 0.976725873 4.05033E-05
660 0.001307715 0 0 0.975080533 -3.22333E-05
661 0.000862002 0 0 0.974113088 7.72083E-05
662 0.000486492 0 0 0.970655867 -6.35117E-05
663 0.000397837 0 0 0.96511748 7.46117E-05
664 0.000190938 0 0 0.957688478 -8.11733E-05
665 0.000252942 0 0 0.953173757 0.000172278
666 0.000118448 0 0 0.949211588 -7.46167E-06
667 0.00012416 0 0 0.88933763 0.000127495
668 0.000106442 0 0 0.703292297 1.73167E-05
669 0.000107823 0 0 0.447895487 0.00008718
670 4.23783E-05 0 0 0.26811508 -3.42833E-05
671 5.22133E-05 0 0 0.188010933 3.41217E-05
672 0.0000819 0 0 0.137165783 8.22183E-05
673 8.17767E-05 0 0 0.082141402 3.04867E-05
674 4.23983E-05 0 0 0.037201903 2.33433E-05
675 1.14333E-05 0 0 0.013489958 -6.49483E-05
676 8.92433E-05 0 0 0.004741467 7.39983E-05
677 3.57117E-05 0 0 0.001803412 1.19033E-05
678 3.73033E-05 0 0 0.00080526 9.34933E-05
679 1.63517E-05 0 0 0.00035051 -3.04783E-05
680 9.87083E-05 0 0 0.00027756 0.000123785
681 0.00004 0 0 0.00011889 2.57133E-05
682 0.000103653 0 0 0.000146675 0.000115402
683 4.20533E-05 0 0 0.000093785 0.000054905
684 7.07533E-05 0 0 6.88517E-05 0.000126597
685 5.64583E-05 0 0 0.000022045 0.000048845
686 3.77683E-05 0 0 -0.00000682 2.96767E-05
687 0.000026975 0 0 -0.00002142 -0.000021895
688 0.00007519 0 0 4.01333E-05 5.18733E-05
689 0.000084185 0 0 3.01233E-05 0.000117158
690 0.00011292 0 0 3.47333E-05 0.000114665
691 -6.35E-07 0 0 -4.26833E-05 -5.80767E-05
692 7.60233E-05 0 0 0.000099195 7.80867E-05
693 -0.000010945 0 0 0.000120207 8.72167E-06
694 0.00000999 0 0 0.000127003 0.000103218
695 -0.000028235 0 0 6.98167E-06 -0.00000698
696 5.39433E-05 0 0 0.000126763 0.00011883
697 3.91633E-05 0 0 9.94117E-05 0.000104012
698 -0.000052965 0 0 5.86667E-06 5.62933E-05
699 -0.00010797 0 0 -0.000047245 -1.95033E-05
700 -5.20083E-05 0 0 -4.77267E-05 -0.000004915
701 0 0 0 0.000019665 8.48433E-05
702 0 0 0 -3.40867E-05 4.56583E-05
703 0 0 0 -0.00001379 0.00004946
704 0 0 0 -6.95983E-05 -1.06217E-05
705 0 0 0 0.000046275 0.000116637
706 0 0 0 0.000057365 0.000080345
707 0 0 0 0.000117402 0.000161927
708 0 0 0 3.23367E-05 0.00003852
709 0 0 0 8.40033E-05 0.000120142
710 0 0 0 0.000037865 5.56117E-05
711 0 0 0 0.000107273 0.000136115
712 0 0 0 0.00011504 0.000107115
713 0 0 0 0.000110912 0.000092055
714 0 0 0 0.000081435 6.28983E-05
715 0 0 0 8.42833E-05 8.77683E-05
716 0 0 0 0.00001442 0.000036295
717 0 0 0 2.67817E-05 5.08733E-05
718 0 0 0 7.78167E-05 0.00009097
719 0 0 0 -9.19167E-06 1.03017E-05
720 0 0 0 1.72667E-05 0.00000903
721 0 0 0 7.98483E-05 0.000070185
722 0 0 0 0.00014322 0.000175378
723 0 0 0 3.37467E-05 5.14933E-05
724 0 0 0 0.00007874 8.09567E-05
725 0 0 0 6.06817E-05 4.68983E-05
726 0 0 0 0.000102338 0.000106933
727 0 0 0 0.00004023 0.00006573
728 0 0 0 7.28633E-05 0.000115315
729 0 0 0 0.000069855 0.000104387
730 0 0 0 0.00009393 0.000120543
731 0 0 0 -0.000062245 4.65667E-05
732 0 0 0 -3.34183E-05 6.20817E-05
733 0 0 0 0.0000228 7.77333E-05
734 0 0 0 0.000047485 7.94617E-05
735 0 0 0 0.000027555 0.000110695
736 0 0 0 0.000031995 0.000126397
737 0 0 0 -0.00003897 0.00013497
738 0 0 0 -1.10883E-05 0.000181875
739 0 0 0 6.46133E-05 0.000274132
740 0 0 0 7.44067E-05 0.000305228
741 0 0 0 0.000077725 0.00041697
742 0 0 0 2.15283E-05 0.000520772
743 0 0 0 1.89983E-05 0.000720798
744 0 0 0 0.000052275 0.000908943
745 0 0 0 5.18083E-05 0.001249912
746 0 0 0 -0.000002535 0.001751605
747 0 0 0 0.00001363 0.00255369
748 0 0 0 -3.83283E-05 0.00379269
749 0 0 0 -1.37783E-05 0.00587834
750 0 0 0 3.86583E-05 0.009251893
751 0 0 0 0 0.014900625
752 0 0 0 0 0.023977267
753 0 0 0 0 0.039036063
754 0 0 0 0 0.065105123
755 0 0 0 0 0.109838683
756 0 0 0 0 0.18265419
757 0 0 0 0 0.29105381
758 0 0 0 0 0.433573268
759 0 0 0 0 0.591799258
760 0 0 0 0 0.732346585
761 0 0 0 0 0.832339522
762 0 0 0 0 0.894593285
763 0 0 0 0 0.933893812
764 0 0 0 0 0.959049412
765 0 0 0 0 0.973570877
766 0 0 0 0 0.979312763
767 0 0 0 0 0.980512883
768 0 0 0 0 0.980260833
769 0 0 0 0 0.980375028
770 0 0 0 0 0.981308787
771 0 0 0 0 0.982935042
772 0 0 0 0 0.985459237
773 0 0 0 0 0.988710298
774 0 0 0 0 0.991428547
775 0 0 0 0 0.992866523
776 0 0 0 0 0.99378058
777 0 0 0 0 0.992739317
778 0 0 0 0 0.990433547
779 0 0 0 0 0.987718283
780 0 0 0 0 0.9853404
781 0 0 0 0 0.983543252
782 0 0 0 0 0.983164777
783 0 0 0 0 0.983754702
784 0 0 0 0 0.985789577
785 0 0 0 0 0.987865908
786 0 0 0 0 0.989567373
787 0 0 0 0 0.990880427
788 0 0 0 0 0.991821872
789 0 0 0 0 0.99213023
790 0 0 0 0 0.992140527
791 0 0 0 0 0.991796485
792 0 0 0 0 0.991342512
793 0 0 0 0 0.991621932
794 0 0 0 0 0.992576905
795 0 0 0 0 0.99369675
796 0 0 0 0 0.993720752
797 0 0 0 0 0.994711192
798 0 0 0 0 0.993959422
799 0 0 0 0 0.992793358
800 0 0 0 0 0.990220327
801 0 0 0 0 0.987337757
802 0 0 0 0 0.98339395
803 0 0 0 0 0.98005928
804 0 0 0 0 0.976796502
805 0 0 0 0 0.974369898
806 0 0 0 0 0.973756462
807 0 0 0 0 0.974507048
808 0 0 0 0 0.97553683
809 0 0 0 0 0.976618565
810 0 0 0 0 0.977959105
811 0 0 0 0 0.980679913
812 0 0 0 0 0.98198195
813 0 0 0 0 0.983333078
814 0 0 0 0 0.984134967
815 0 0 0 0 0.984888778
816 0 0 0 0 0.985327435
817 0 0 0 0 0.986307888
818 0 0 0 0 0.98646779
819 0 0 0 0 0.987428877
820 0 0 0 0 0.988718292
821 0 0 0 0 0.989507388
822 0 0 0 0 0.99133718
823 0 0 0 0 0.992893273
824 0 0 0 0 0.994068537
825 0 0 0 0 0.995778303
826 0 0 0 0 0.995364413
827 0 0 0 0 0.995353248
828 0 0 0 0 0.99332567
829 0 0 0 0 0.992527942
830 0 0 0 0 0.991605427
831 0 0 0 0 0.990236688
832 0 0 0 0 0.988990438
833 0 0 0 0 0.987700533
834 0 0 0 0 0.987921222
835 0 0 0 0 0.988278682
836 0 0 0 0 0.988895598
837 0 0 0 0 0.989519727
838 0 0 0 0 0.99151679
839 0 0 0 0 0.99040557
840 0 0 0 0 0.992573293
841 0 0 0 0 0.994436435
842 0 0 0 0 0.993766042
843 0 0 0 0 0.993729663
844 0 0 0 0 0.993945817
845 0 0 0 0 0.992873532
846 0 0 0 0 0.993001947
847 0 0 0 0 0.994277877
848 0 0 0 0 0.993256263
849 0 0 0 0 0.993886885
850 0 0 0 0 0.992791692
851 0 0 0 0 0.994638965
852 0 0 0 0 0.993803562
853 0 0 0 0 0.994510187
854 0 0 0 0 0.99471687
855 0 0 0 0 0.993982188
856 0 0 0 0 0.992486937
857 0 0 0 0 0.990967195
858 0 0 0 0 0.98843561
859 0 0 0 0 0.985935875
860 0 0 0 0 0.983452378
861 0 0 0 0 0.980250627
862 0 0 0 0 0.977106362
863 0 0 0 0 0.974200417
864 0 0 0 0 0.97230001
865 0 0 0 0 0.97084033
866 0 0 0 0 0.970220315
867 0 0 0 0 0.971002618
868 0 0 0 0 0.973157822
869 0 0 0 0 0.976311372
870 0 0 0 0 0.979439507
871 0 0 0 0 0.983168003
872 0 0 0 0 0.98661897
873 0 0 0 0 0.989892298
874 0 0 0 0 0.992099113
875 0 0 0 0 0.992076318
876 0 0 0 0 0.991485793
877 0 0 0 0 0.990738985
878 0 0 0 0 0.988908645
879 0 0 0 0 0.985907287
880 0 0 0 0 0.983780125
881 0 0 0 0 0.982413845
882 0 0 0 0 0.981041238
883 0 0 0 0 0.980149932
884 0 0 0 0 0.980156233
885 0 0 0 0 0.980950515
886 0 0 0 0 0.982593195
887 0 0 0 0 0.984699492
888 0 0 0 0 0.986803213
889 0 0 0 0 0.988303632
890 0 0 0 0 0.989343647
891 0 0 0 0 0.990753202
892 0 0 0 0 0.991882107
893 0 0 0 0 0.99271013
894 0 0 0 0 0.993279475
895 0 0 0 0 0.99375799
896 0 0 0 0 0.994033168
897 0 0 0 0 0.99378088
898 0 0 0 0 0.993356268
899 0 0 0 0 0.991952767
900 0 0 0 0 0.989273715
901 0 0 0 0 0.986225242
902 0 0 0 0 0.983973288
903 0 0 0 0 0.981453437
904 0 0 0 0 0.977821387
905 0 0 0 0 0.968481277
906 0 0 0 0 0.941142828
907 0 0 0 0 0.885561872
908 0 0 0 0 0.806324417
909 0 0 0 0 0.697584938
910 0 0 0 0 0.565915393
911 0 0 0 0 0.43768919
912 0 0 0 0 0.33613348
913 0 0 0 0 0.25750718
914 0 0 0 0 0.192525887
915 0 0 0 0 0.139465678
916 0 0 0 0 0.09614818
917 0 0 0 0 0.066414205
918 0 0 0 0 0.045665135
919 0 0 0 0 0.029932553
920 0 0 0 0 0.020189273
921 0 0 0 0 0.014575355
922 0 0 0 0 0.010523743
923 0 0 0 0 0.007373248
924 0 0 0 0 0.005332252
925 0 0 0 0 0.00400986
926 0 0 0 0 0.003070212
927 0 0 0 0 0.00235914
928 0 0 0 0 0.001808845
929 0 0 0 0 0.001429522
930 0 0 0 0 0.001136558
931 0 0 0 0 0.00091538
932 0 0 0 0 0.000782702
933 0 0 0 0 0.000660332
934 0 0 0 0 0.000539892
935 0 0 0 0 0.000469505
936 0 0 0 0 0.000396665
937 0 0 0 0 0.00035166
938 0 0 0 0 0.000306163
939 0 0 0 0 0.000269195
940 0 0 0 0 0.00025016
941 0 0 0 0 0.000207768
942 0 0 0 0 0.000194637
943 0 0 0 0 0.000167273
944 0 0 0 0 0.000156223
945 0 0 0 0 0.00016087
946 0 0 0 0 0.000159882
947 0 0 0 0 0.000139098
948 0 0 0 0 0.000135193
949 0 0 0 0 0.000135958
950 0 0 0 0 0.00011477
951 0 0 0 0 0.00009921
952 0 0 0 0 0.000100623
953 0 0 0 0 0.000105992
954 0 0 0 0 9.31117E-05
955 0 0 0 0 0.000131308
956 0 0 0 0 0.000124533
957 0 0 0 0 0.000140027
958 0 0 0 0 0.00013038
959 0 0 0 0 0.000106528
960 0 0 0 0 9.77367E-05
961 0 0 0 0 0.000110297
962 0 0 0 0 0.00017774
963 0 0 0 0 0.000147748
964 0 0 0 0 0.000134663
965 0 0 0 0 0.00012517
966 0 0 0 0 9.11067E-05
967 0 0 0 0 0.000101373
968 0 0 0 0 0.00008486
969 0 0 0 0 7.27717E-05
970 0 0 0 0 0.000054585
971 0 0 0 0 4.91067E-05
972 0 0 0 0 8.12133E-05
973 0 0 0 0 0.00008849
974 0 0 0 0 8.23133E-05
975 0 0 0 0 0.000066995
976 0 0 0 0 6.69983E-05
977 0 0 0 0 5.85317E-05
978 0 0 0 0 5.92117E-05
979 0 0 0 0 0.000037045
980 0 0 0 0 3.47367E-05
981 0 0 0 0 0.000036045
982 0 0 0 0 4.39817E-05
983 0 0 0 0 3.62117E-05
984 0 0 0 0 3.60567E-05
985 0 0 0 0 0.000047275
986 0 0 0 0 0.00004282
987 0 0 0 0 0.0000511
988 0 0 0 0 0.000113952
989 0 0 0 0 5.40683E-05
990 0 0 0 0 2.86133E-05
991 0 0 0 0 2.59533E-05
992 0 0 0 0 2.74483E-05
993 0 0 0 0 2.36417E-05
994 0 0 0 0 3.32317E-05
995 0 0 0 0 6.51433E-05
996 0 0 0 0 0.00005181
997 0 0 0 0 2.11633E-05
998 0 0 0 0 4.67933E-05
999 0 0 0 0 4.66133E-05
1000 0 0 0 0 4.61067E-05
