400	7.98E-03	2.77E-04	9.69E-04	2.50E-03	2.54E-03	
401	8.00E-03	4.28E-04	1.49E-03	2.58E-03	2.61E-03	
402	7.99E-03	4.85E-04	1.70E-03	2.64E-03	2.68E-03	
403	7.96E-03	4.17E-04	1.35E-03	2.71E-03	2.52E-03	
404	7.91E-03	3.50E-04	1.05E-03	2.77E-03	2.34E-03	
405	8.09E-03	3.95E-04	1.18E-03	2.83E-03	2.39E-03	
406	8.25E-03	5.00E-04	1.50E-03	2.89E-03	2.44E-03	
407	8.16E-03	5.08E-04	1.52E-03	2.70E-03	2.49E-03	
408	8.06E-03	3.69E-04	1.11E-03	2.50E-03	2.54E-03	
409	8.20E-03	2.51E-04	6.01E-04	2.54E-03	2.32E-03	
410	8.34E-03	1.55E-04	3.10E-04	2.59E-03	2.10E-03	
411	8.22E-03	1.01E-04	2.02E-04	2.63E-03	2.13E-03	
412	8.08E-03	8.42E-05	1.68E-04	2.67E-03	2.17E-03	
413	8.22E-03	8.38E-05	1.67E-04	2.72E-03	2.21E-03	
414	8.36E-03	9.60E-05	1.92E-04	2.76E-03	2.24E-03	
415	8.50E-03	1.23E-04	2.25E-04	2.53E-03	2.28E-03	
416	8.65E-03	1.73E-04	2.87E-04	2.29E-03	2.32E-03	
417	8.51E-03	2.55E-04	4.24E-04	2.33E-03	2.36E-03	
418	8.36E-03	3.83E-04	6.37E-04	2.37E-03	2.41E-03	
419	8.52E-03	5.65E-04	9.40E-04	2.42E-03	2.45E-03	
420	8.68E-03	7.97E-04	1.33E-03	2.46E-03	2.50E-03	
421	8.84E-03	1.06E-03	1.77E-03	2.51E-03	2.54E-03	
422	9.01E-03	1.33E-03	2.21E-03	2.55E-03	2.59E-03	
423	8.85E-03	1.56E-03	2.60E-03	2.60E-03	2.64E-03	
424	8.68E-03	1.74E-03	2.89E-03	2.65E-03	2.69E-03	
425	8.84E-03	1.86E-03	3.09E-03	2.36E-03	2.74E-03	
426	9.01E-03	1.92E-03	3.20E-03	2.06E-03	2.79E-03	
427	8.82E-03	1.98E-03	2.96E-03	2.10E-03	2.84E-03	
428	8.62E-03	2.03E-03	2.70E-03	2.14E-03	2.89E-03	
429	8.76E-03	2.09E-03	2.77E-03	2.17E-03	2.94E-03	
430	8.91E-03	2.14E-03	2.85E-03	2.21E-03	2.99E-03	
431	9.05E-03	2.20E-03	2.92E-03	2.25E-03	3.04E-03	
432	9.19E-03	2.24E-03	2.98E-03	2.28E-03	3.08E-03	
433	9.32E-03	2.27E-03	2.65E-03	2.31E-03	2.74E-03	
434	9.45E-03	2.30E-03	2.30E-03	2.34E-03	2.38E-03	
435	9.57E-03	2.34E-03	2.33E-03	2.38E-03	2.41E-03	
436	9.69E-03	2.37E-03	2.36E-03	2.40E-03	2.44E-03	
437	9.80E-03	2.79E-03	2.39E-03	2.03E-03	2.47E-03	
438	9.91E-03	3.22E-03	2.41E-03	1.64E-03	2.49E-03	
439	1.00E-02	4.04E-03	2.42E-03	1.66E-03	2.52E-03	
440	1.01E-02	4.87E-03	2.43E-03	1.67E-03	2.55E-03	
441	1.11E-02	6.13E-03	2.45E-03	1.69E-03	2.57E-03	
442	1.20E-02	7.42E-03	2.47E-03	1.70E-03	2.59E-03	
443	1.38E-02	1.09E-02	2.50E-03	1.72E-03	3.05E-03	
444	1.57E-02	1.44E-02	2.54E-03	1.73E-03	3.51E-03	
445	2.37E-02	2.70E-02	3.00E-03	2.18E-03	3.54E-03	
446	3.19E-02	3.99E-02	3.46E-03	2.63E-03	3.56E-03	
447	5.17E-02	8.39E-02	3.49E-03	3.54E-03	3.59E-03	
448	7.17E-02	1.28E-01	3.51E-03	4.45E-03	3.61E-03	
449	9.42E-02	1.97E-01	3.97E-03	4.47E-03	4.08E-03	
450	1.17E-01	2.67E-01	4.44E-03	4.50E-03	4.57E-03	
451	1.30E-01	3.21E-01	4.91E-03	4.52E-03	4.59E-03	
452	1.43E-01	3.75E-01	5.39E-03	4.55E-03	4.61E-03	
453	1.49E-01	4.00E-01	5.42E-03	4.57E-03	4.64E-03	
454	1.55E-01	4.25E-01	5.44E-03	4.59E-03	4.66E-03	
455	1.58E-01	4.37E-01	5.46E-03	5.07E-03	4.68E-03	
456	1.61E-01	4.48E-01	5.48E-03	5.56E-03	4.70E-03	
457	1.64E-01	4.58E-01	5.50E-03	6.05E-03	5.19E-03	
458	1.68E-01	4.69E-01	5.52E-03	6.54E-03	5.69E-03	
459	1.71E-01	4.80E-01	5.54E-03	6.56E-03	5.71E-03	
460	1.74E-01	4.92E-01	5.57E-03	6.59E-03	5.73E-03	
461	1.77E-01	5.03E-01	5.60E-03	6.61E-03	5.75E-03	
462	1.80E-01	5.13E-01	5.63E-03	6.63E-03	5.77E-03	
463	1.83E-01	5.22E-01	6.12E-03	6.18E-03	6.27E-03	
464	1.85E-01	5.30E-01	6.61E-03	5.72E-03	6.77E-03	
465	1.88E-01	5.41E-01	6.62E-03	5.74E-03	6.79E-03	
466	1.90E-01	5.51E-01	6.63E-03	5.76E-03	6.81E-03	
467	1.93E-01	5.62E-01	7.13E-03	5.77E-03	7.32E-03	
468	1.95E-01	5.74E-01	7.63E-03	5.79E-03	7.83E-03	
469	1.97E-01	5.87E-01	8.13E-03	6.29E-03	7.85E-03	
470	1.99E-01	6.00E-01	8.64E-03	6.79E-03	7.87E-03	
471	2.01E-01	6.10E-01	8.66E-03	7.29E-03	7.40E-03	
472	2.02E-01	6.19E-01	8.68E-03	7.79E-03	6.92E-03	
473	2.03E-01	6.24E-01	8.69E-03	8.30E-03	6.44E-03	
474	2.03E-01	6.28E-01	8.70E-03	8.81E-03	5.96E-03	
475	2.04E-01	6.31E-01	8.70E-03	7.84E-03	6.47E-03	
476	2.05E-01	6.33E-01	8.70E-03	6.88E-03	6.98E-03	
477	2.07E-01	6.37E-01	8.70E-03	6.40E-03	6.99E-03	
478	2.09E-01	6.42E-01	8.69E-03	5.92E-03	7.00E-03	
479	2.12E-01	6.52E-01	9.17E-03	5.44E-03	6.52E-03	
480	2.15E-01	6.63E-01	9.64E-03	4.95E-03	6.03E-03	
481	2.18E-01	6.76E-01	1.01E-02	4.96E-03	5.53E-03	
482	2.21E-01	6.89E-01	1.06E-02	4.97E-03	5.04E-03	
483	2.24E-01	6.99E-01	1.10E-02	4.97E-03	4.54E-03	
484	2.27E-01	7.10E-01	1.15E-02	4.98E-03	4.04E-03	
485	2.31E-01	7.20E-01	1.15E-02	5.49E-03	4.05E-03	
486	2.34E-01	7.30E-01	1.15E-02	5.99E-03	4.05E-03	
487	2.38E-01	7.37E-01	1.06E-02	6.50E-03	4.56E-03	
488	2.41E-01	7.45E-01	9.63E-03	7.01E-03	5.08E-03	
489	2.45E-01	7.55E-01	9.18E-03	8.01E-03	5.59E-03	
490	2.49E-01	7.66E-01	8.73E-03	9.02E-03	6.10E-03	
491	2.52E-01	7.78E-01	7.79E-03	9.03E-03	7.13E-03	
492	2.56E-01	7.90E-01	6.84E-03	9.04E-03	8.15E-03	
493	2.59E-01	8.03E-01	6.87E-03	8.54E-03	8.16E-03	
494	2.62E-01	8.16E-01	6.89E-03	8.05E-03	8.17E-03	
495	2.63E-01	8.25E-01	6.42E-03	7.04E-03	7.66E-03	
496	2.65E-01	8.34E-01	5.94E-03	6.04E-03	7.15E-03	
497	2.67E-01	8.38E-01	5.95E-03	5.54E-03	7.16E-03	
498	2.68E-01	8.42E-01	5.95E-03	5.04E-03	7.16E-03	
499	2.69E-01	8.42E-01	5.96E-03	5.04E-03	7.68E-03	
500	2.69E-01	8.42E-01	5.96E-03	5.05E-03	8.19E-03	
501	2.71E-01	8.42E-01	6.45E-03	5.05E-03	8.71E-03	
502	2.72E-01	8.42E-01	6.94E-03	5.05E-03	9.23E-03	
503	2.73E-01	8.48E-01	7.44E-03	5.56E-03	1.03E-02	
504	2.75E-01	8.55E-01	7.95E-03	6.07E-03	1.13E-02	
505	2.78E-01	8.70E-01	8.45E-03	6.58E-03	1.13E-02	
506	2.81E-01	8.86E-01	8.97E-03	7.09E-03	1.13E-02	
507	2.86E-01	9.04E-01	1.05E-02	8.10E-03	1.08E-02	
508	2.90E-01	9.22E-01	1.20E-02	9.12E-03	1.03E-02	
509	2.95E-01	9.37E-01	1.45E-02	9.63E-03	9.77E-03	
510	2.99E-01	9.51E-01	1.70E-02	1.01E-02	9.26E-03	
511	3.05E-01	9.64E-01	2.25E-02	1.01E-02	9.26E-03	
512	3.11E-01	9.77E-01	2.80E-02	1.01E-02	9.26E-03	
513	3.16E-01	9.88E-01	4.25E-02	9.64E-03	8.75E-03	
514	3.21E-01	1.00E+00	5.69E-02	9.14E-03	8.24E-03	
515	3.26E-01	9.95E-01	9.13E-02	8.63E-03	7.73E-03	
516	3.32E-01	9.89E-01	1.26E-01	8.13E-03	7.21E-03	
517	3.36E-01	9.22E-01	1.99E-01	8.13E-03	7.22E-03	
518	3.40E-01	8.55E-01	2.72E-01	8.13E-03	7.21E-03	
519	3.44E-01	7.25E-01	3.76E-01	8.13E-03	7.21E-03	
520	3.49E-01	5.94E-01	4.79E-01	8.13E-03	7.22E-03	
521	3.52E-01	4.61E-01	5.70E-01	8.64E-03	7.22E-03	
522	3.54E-01	3.28E-01	6.59E-01	9.15E-03	7.22E-03	
523	3.58E-01	2.44E-01	7.04E-01	9.66E-03	7.73E-03	
524	3.61E-01	1.59E-01	7.48E-01	1.02E-02	8.25E-03	
525	3.64E-01	1.20E-01	7.61E-01	1.07E-02	8.25E-03	
526	3.67E-01	8.08E-02	7.74E-01	1.12E-02	8.25E-03	
527	3.70E-01	6.32E-02	7.82E-01	1.17E-02	8.77E-03	
528	3.73E-01	4.58E-02	7.93E-01	1.22E-02	9.28E-03	
529	3.76E-01	3.73E-02	8.04E-01	1.17E-02	9.80E-03	
530	3.79E-01	2.89E-02	8.17E-01	1.12E-02	1.03E-02	
531	3.82E-01	2.50E-02	8.30E-01	1.07E-02	1.08E-02	
532	3.85E-01	2.10E-02	8.44E-01	1.02E-02	1.13E-02	
533	3.88E-01	1.85E-02	8.56E-01	9.66E-03	1.19E-02	
534	3.90E-01	1.60E-02	8.67E-01	9.14E-03	1.24E-02	
535	3.93E-01	1.45E-02	8.79E-01	9.14E-03	1.24E-02	
536	3.95E-01	1.30E-02	8.91E-01	9.14E-03	1.24E-02	
537	3.97E-01	1.25E-02	9.03E-01	9.14E-03	1.29E-02	
538	4.00E-01	1.20E-02	9.16E-01	9.14E-03	1.34E-02	
539	4.03E-01	1.15E-02	9.29E-01	9.14E-03	1.29E-02	
540	4.05E-01	1.10E-02	9.43E-01	9.13E-03	1.23E-02	
541	4.06E-01	1.05E-02	9.56E-01	9.64E-03	1.24E-02	
542	4.08E-01	1.00E-02	9.70E-01	1.01E-02	1.23E-02	
543	4.08E-01	1.00E-02	9.79E-01	1.06E-02	1.23E-02	
544	4.08E-01	1.01E-02	9.89E-01	1.11E-02	1.23E-02	
545	4.09E-01	1.06E-02	9.95E-01	1.17E-02	1.23E-02	
546	4.09E-01	1.11E-02	1.00E+00	1.22E-02	1.23E-02	
547	4.10E-01	1.15E-02	1.00E+00	1.21E-02	1.28E-02	
548	4.10E-01	1.20E-02	9.98E-01	1.21E-02	1.33E-02	
549	4.10E-01	1.25E-02	9.93E-01	1.21E-02	1.33E-02	
550	4.10E-01	1.29E-02	9.89E-01	1.21E-02	1.33E-02	
551	4.10E-01	1.39E-02	9.82E-01	1.21E-02	1.28E-02	
552	4.10E-01	1.48E-02	9.77E-01	1.21E-02	1.23E-02	
553	4.09E-01	1.63E-02	9.72E-01	1.16E-02	1.13E-02	
554	4.08E-01	1.77E-02	9.68E-01	1.11E-02	1.03E-02	
555	4.08E-01	1.87E-02	9.66E-01	1.06E-02	9.74E-03	
556	4.07E-01	1.98E-02	9.64E-01	1.01E-02	9.22E-03	
557	4.06E-01	2.08E-02	9.62E-01	9.59E-03	9.22E-03	
558	4.05E-01	2.19E-02	9.61E-01	9.08E-03	9.22E-03	
559	4.04E-01	2.19E-02	9.60E-01	8.58E-03	9.72E-03	
560	4.03E-01	2.20E-02	9.58E-01	8.07E-03	1.02E-02	
561	4.02E-01	2.20E-02	9.56E-01	7.56E-03	1.13E-02	
562	4.02E-01	2.20E-02	9.53E-01	7.05E-03	1.23E-02	
563	4.03E-01	2.10E-02	9.51E-01	7.06E-03	1.28E-02	
564	4.04E-01	2.00E-02	9.49E-01	7.05E-03	1.33E-02	
565	4.06E-01	1.94E-02	9.48E-01	7.05E-03	1.33E-02	
566	4.08E-01	1.89E-02	9.46E-01	7.05E-03	1.33E-02	
567	4.10E-01	1.84E-02	9.46E-01	7.04E-03	1.28E-02	
568	4.11E-01	1.79E-02	9.47E-01	7.04E-03	1.22E-02	
569	4.13E-01	1.79E-02	9.46E-01	7.54E-03	1.07E-02	
570	4.15E-01	1.79E-02	9.47E-01	8.04E-03	9.18E-03	
571	4.18E-01	1.79E-02	9.43E-01	8.54E-03	8.16E-03	
572	4.20E-01	1.79E-02	9.41E-01	9.04E-03	7.14E-03	
573	4.22E-01	1.84E-02	9.37E-01	1.00E-02	7.13E-03	
574	4.24E-01	1.89E-02	9.33E-01	1.10E-02	7.13E-03	
575	4.26E-01	1.94E-02	9.30E-01	1.20E-02	7.13E-03	
576	4.28E-01	1.99E-02	9.27E-01	1.30E-02	7.13E-03	
577	4.28E-01	2.04E-02	9.23E-01	1.40E-02	7.12E-03	
578	4.29E-01	2.09E-02	9.20E-01	1.50E-02	7.13E-03	
579	4.27E-01	2.09E-02	9.17E-01	1.50E-02	7.63E-03	
580	4.26E-01	2.09E-02	9.13E-01	1.50E-02	8.14E-03	
581	4.24E-01	2.09E-02	9.11E-01	1.40E-02	8.65E-03	
582	4.22E-01	2.09E-02	9.08E-01	1.30E-02	9.16E-03	
583	4.20E-01	2.04E-02	9.07E-01	1.20E-02	1.02E-02	
584	4.17E-01	1.99E-02	9.05E-01	1.10E-02	1.12E-02	
585	4.15E-01	1.93E-02	8.99E-01	9.52E-03	1.17E-02	
586	4.13E-01	1.88E-02	8.93E-01	8.02E-03	1.22E-02	
587	4.12E-01	1.82E-02	8.67E-01	7.51E-03	1.22E-02	
588	4.12E-01	1.76E-02	8.38E-01	7.02E-03	1.22E-02	
589	4.11E-01	1.68E-02	7.63E-01	6.51E-03	1.22E-02	
590	4.11E-01	1.59E-02	6.81E-01	6.01E-03	1.22E-02	
591	4.11E-01	1.52E-02	5.58E-01	5.51E-03	1.22E-02	
592	4.11E-01	1.41E-02	4.32E-01	5.01E-03	1.22E-02	
593	4.11E-01	1.26E-02	3.09E-01	4.51E-03	1.12E-02	
594	4.12E-01	1.08E-02	1.99E-01	4.01E-03	1.02E-02	
595	4.13E-01	9.12E-03	1.26E-01	4.01E-03	9.65E-03	
596	4.14E-01	7.41E-03	6.99E-02	4.01E-03	9.15E-03	
597	4.16E-01	5.86E-03	4.09E-02	4.01E-03	8.64E-03	
598	4.18E-01	4.56E-03	2.13E-02	4.01E-03	8.13E-03	
599	4.20E-01	3.60E-03	1.25E-02	4.01E-03	7.62E-03	
600	4.22E-01	2.84E-03	6.75E-03	4.01E-03	7.11E-03	
601	4.25E-01	2.25E-03	4.09E-03	4.01E-03	6.61E-03	
602	4.29E-01	1.81E-03	2.35E-03	4.01E-03	6.10E-03	
603	4.33E-01	1.49E-03	1.48E-03	4.51E-03	6.61E-03	
604	4.36E-01	1.24E-03	9.04E-04	5.01E-03	7.12E-03	
605	4.41E-01	1.02E-03	6.23E-04	5.01E-03	7.12E-03	
606	4.45E-01	8.51E-04	4.25E-04	5.01E-03	7.11E-03	
607	4.51E-01	6.93E-04	2.97E-04	5.51E-03	8.64E-03	
608	4.56E-01	5.71E-04	2.03E-04	6.01E-03	1.02E-02	
609	4.63E-01	4.77E-04	1.53E-04	6.51E-03	1.17E-02	
610	4.69E-01	3.99E-04	1.14E-04	7.01E-03	1.32E-02	
611	4.78E-01	3.34E-04	9.08E-05	8.02E-03	1.42E-02	
612	4.86E-01	2.80E-04	7.24E-05	9.02E-03	1.53E-02	
613	4.94E-01	2.31E-04	5.75E-05	1.00E-02	1.53E-02	
614	5.03E-01	1.92E-04	4.60E-05	1.10E-02	1.53E-02	
615	5.13E-01	1.61E-04	3.68E-05	1.30E-02	1.37E-02	
616	5.22E-01	1.36E-04	2.95E-05	1.50E-02	1.22E-02	
617	5.32E-01	1.17E-04	2.58E-05	1.90E-02	1.07E-02	
618	5.41E-01	1.02E-04	2.32E-05	2.30E-02	9.15E-03	
619	5.51E-01	8.63E-05	1.80E-05	2.91E-02	8.13E-03	
620	5.62E-01	7.53E-05	1.43E-05	3.51E-02	7.12E-03	
621	5.70E-01	6.89E-05	1.31E-05	4.76E-02	7.12E-03	
622	5.79E-01	6.15E-05	1.17E-05	6.01E-02	7.12E-03	
623	5.86E-01	5.75E-05	1.07E-05	8.37E-02	7.12E-03	
624	5.94E-01	5.41E-05	9.81E-06	1.07E-01	7.12E-03	
625	6.01E-01	5.08E-05	9.01E-06	1.53E-01	7.63E-03	
626	6.08E-01	4.74E-05	8.22E-06	1.98E-01	8.14E-03	
627	6.12E-01	4.53E-05	8.66E-06	2.75E-01	9.16E-03	
628	6.16E-01	4.27E-05	8.87E-06	3.52E-01	1.02E-02	
629	6.18E-01	4.39E-05	8.77E-06	4.52E-01	1.27E-02	
630	6.20E-01	4.05E-05	7.78E-06	5.53E-01	1.53E-02	
631	6.23E-01	4.36E-05	8.70E-06	6.44E-01	1.88E-02	
632	6.25E-01	4.18E-05	8.63E-06	7.36E-01	2.24E-02	
633	6.28E-01	4.48E-05	9.52E-06	7.89E-01	2.39E-02	
634	6.30E-01	4.65E-05	1.02E-05	8.42E-01	2.54E-02	
635	6.35E-01	4.88E-05	1.11E-05	8.62E-01	2.39E-02	
636	6.39E-01	4.92E-05	1.16E-05	8.82E-01	2.24E-02	
637	6.43E-01	5.03E-05	1.38E-05	8.91E-01	1.98E-02	
638	6.48E-01	5.22E-05	1.64E-05	8.99E-01	1.73E-02	
639	6.55E-01	5.30E-05	1.94E-05	9.09E-01	1.53E-02	
640	6.61E-01	5.67E-05	2.36E-05	9.19E-01	1.32E-02	
641	6.68E-01	5.82E-05	2.87E-05	9.30E-01	1.22E-02	
642	6.74E-01	5.89E-05	3.36E-05	9.41E-01	1.12E-02	
643	6.81E-01	5.99E-05	4.13E-05	9.51E-01	1.12E-02	
644	6.88E-01	5.85E-05	4.78E-05	9.62E-01	1.12E-02	
645	6.96E-01	6.04E-05	5.29E-05	9.69E-01	1.22E-02	
646	7.02E-01	6.31E-05	5.90E-05	9.75E-01	1.32E-02	
647	7.07E-01	6.37E-05	5.95E-05	9.78E-01	1.47E-02	
648	7.13E-01	6.72E-05	6.27E-05	9.82E-01	1.63E-02	
649	7.18E-01	6.87E-05	6.07E-05	9.83E-01	1.93E-02	
650	7.23E-01	7.10E-05	5.90E-05	9.85E-01	2.23E-02	
651	7.27E-01	6.89E-05	5.16E-05	9.88E-01	2.39E-02	
652	7.31E-01	6.86E-05	4.57E-05	9.91E-01	2.54E-02	
653	7.33E-01	6.68E-05	4.11E-05	9.93E-01	2.49E-02	
654	7.35E-01	6.74E-05	3.81E-05	9.95E-01	2.44E-02	
655	7.35E-01	6.69E-05	3.39E-05	9.98E-01	2.23E-02	
656	7.36E-01	6.27E-05	2.83E-05	1.00E+00	2.03E-02	
657	7.35E-01	6.13E-05	2.62E-05	9.99E-01	1.77E-02	
658	7.34E-01	5.94E-05	2.41E-05	9.98E-01	1.52E-02	
659	7.33E-01	5.95E-05	2.34E-05	9.96E-01	1.37E-02	
660	7.31E-01	5.88E-05	2.24E-05	9.93E-01	1.22E-02	
661	7.27E-01	6.01E-05	2.14E-05	9.85E-01	1.17E-02	
662	7.22E-01	6.19E-05	2.06E-05	9.76E-01	1.11E-02	
663	7.17E-01	6.04E-05	2.06E-05	9.67E-01	1.16E-02	
664	7.11E-01	6.03E-05	2.12E-05	9.58E-01	1.21E-02	
665	7.05E-01	6.02E-05	2.14E-05	9.50E-01	1.42E-02	
666	6.98E-01	6.52E-05	2.34E-05	9.42E-01	1.62E-02	
667	6.92E-01	6.39E-05	2.45E-05	9.37E-01	1.92E-02	
668	6.85E-01	6.63E-05	2.71E-05	9.31E-01	2.23E-02	
669	6.79E-01	7.13E-05	3.19E-05	9.28E-01	2.53E-02	
670	6.73E-01	7.24E-05	3.52E-05	9.25E-01	2.83E-02	
671	6.68E-01	7.46E-05	3.96E-05	9.22E-01	2.73E-02	
672	6.64E-01	7.81E-05	4.51E-05	9.20E-01	2.63E-02	
673	6.61E-01	8.14E-05	5.09E-05	9.17E-01	2.22E-02	
674	6.59E-01	8.39E-05	5.66E-05	9.13E-01	1.82E-02	
675	6.57E-01	8.89E-05	6.32E-05	9.07E-01	1.46E-02	
676	6.56E-01	9.15E-05	6.85E-05	9.01E-01	1.11E-02	
677	6.55E-01	9.54E-05	7.14E-05	8.95E-01	9.07E-03	
678	6.55E-01	1.01E-04	7.59E-05	8.89E-01	7.05E-03	
679	6.54E-01	1.05E-04	7.74E-05	8.84E-01	6.04E-03	
680	6.54E-01	1.06E-04	7.62E-05	8.78E-01	5.03E-03	
681	6.55E-01	1.09E-04	7.28E-05	8.77E-01	5.03E-03	
682	6.56E-01	1.11E-04	6.87E-05	8.75E-01	5.03E-03	
683	6.58E-01	1.14E-04	6.70E-05	8.73E-01	4.53E-03	
684	6.60E-01	1.16E-04	6.42E-05	8.70E-01	4.02E-03	
685	6.62E-01	1.20E-04	5.98E-05	8.52E-01	4.52E-03	
686	6.65E-01	1.24E-04	5.56E-05	8.34E-01	5.02E-03	
687	6.65E-01	1.29E-04	5.27E-05	7.81E-01	6.03E-03	
688	6.66E-01	1.36E-04	5.03E-05	7.29E-01	7.03E-03	
689	6.67E-01	1.41E-04	4.95E-05	6.42E-01	9.04E-03	
690	6.67E-01	1.47E-04	4.88E-05	5.56E-01	1.10E-02	
691	6.65E-01	1.55E-04	4.83E-05	4.63E-01	1.35E-02	
692	6.64E-01	1.65E-04	4.80E-05	3.70E-01	1.61E-02	
693	6.61E-01	1.70E-04	4.90E-05	2.96E-01	1.55E-02	
694	6.59E-01	1.74E-04	4.96E-05	2.21E-01	1.50E-02	
695	6.57E-01	1.76E-04	4.88E-05	1.75E-01	1.20E-02	
696	6.54E-01	1.74E-04	4.71E-05	1.29E-01	9.02E-03	
697	6.51E-01	1.67E-04	4.65E-05	1.03E-01	7.01E-03	
698	6.49E-01	1.58E-04	4.55E-05	7.70E-02	5.01E-03	
699	6.46E-01	1.41E-04	4.43E-05	6.21E-02	4.00E-03	
700	6.44E-01	1.24E-04	4.23E-05	4.73E-02	3.00E-03	
701	6.40E-01	1.06E-04	3.81E-05	3.89E-02	2.50E-03	
702	6.37E-01	9.10E-05	3.44E-05	3.05E-02	2.00E-03	
703	6.34E-01	7.53E-05	3.16E-05	2.56E-02	2.00E-03	
704	6.31E-01	6.07E-05	2.84E-05	2.07E-02	2.00E-03	
705	6.28E-01	4.95E-05	2.51E-05	1.77E-02	2.00E-03	
706	6.25E-01	4.03E-05	2.22E-05	1.47E-02	1.99E-03	
707	6.24E-01	3.43E-05	2.08E-05	1.28E-02	1.99E-03	
708	6.23E-01	2.70E-05	1.79E-05	1.08E-02	1.99E-03	
709	6.25E-01	2.28E-05	1.66E-05	9.82E-03	1.99E-03	
710	6.26E-01	2.09E-05	1.67E-05	8.83E-03	1.99E-03	
711	6.29E-01	1.94E-05	1.66E-05	7.85E-03	1.99E-03	
712	6.31E-01	1.74E-05	1.59E-05	6.86E-03	1.99E-03	
713	6.35E-01	1.44E-05	1.40E-05	6.37E-03	1.99E-03	
714	6.39E-01	1.27E-05	1.33E-05	5.88E-03	1.99E-03	
715	6.43E-01	1.24E-05	1.37E-05	5.39E-03	1.99E-03	
716	6.47E-01	1.18E-05	1.38E-05	4.90E-03	1.99E-03	
717	6.51E-01	1.05E-05	1.28E-05	4.41E-03	1.99E-03	
718	6.55E-01	9.79E-06	1.23E-05	3.91E-03	1.99E-03	
719	6.57E-01	1.14E-05	1.45E-05	3.91E-03	1.99E-03	
720	6.58E-01	1.20E-05	1.54E-05	3.91E-03	1.98E-03	
721	6.59E-01	1.08E-05	1.37E-05	3.42E-03	1.98E-03	
722	6.60E-01	1.12E-05	1.41E-05	2.93E-03	1.98E-03	
723	6.60E-01	1.27E-05	1.56E-05	2.93E-03	1.98E-03	
724	6.60E-01	1.29E-05	1.55E-05	2.93E-03	1.98E-03	
725	6.59E-01	1.42E-05	1.57E-05	2.93E-03	1.98E-03	
726	6.59E-01	1.46E-05	1.50E-05	2.93E-03	1.98E-03	
727	6.58E-01	1.58E-05	1.47E-05	2.93E-03	1.98E-03	
728	6.57E-01	1.78E-05	1.52E-05	2.93E-03	1.98E-03	
729	6.56E-01	2.13E-05	1.60E-05	2.92E-03	1.98E-03	
730	6.55E-01	2.31E-05	1.53E-05	2.92E-03	1.98E-03	
731	6.54E-01	2.61E-05	1.49E-05	2.92E-03	1.97E-03	
732	6.52E-01	2.87E-05	1.43E-05	2.92E-03	1.97E-03	
733	6.49E-01	2.75E-05	1.22E-05	2.92E-03	1.97E-03	
734	6.47E-01	3.34E-05	1.33E-05	2.92E-03	1.97E-03	
735	6.44E-01	3.45E-05	1.30E-05	2.92E-03	1.97E-03	
736	6.41E-01	3.86E-05	1.36E-05	2.92E-03	1.97E-03	
737	6.38E-01	3.51E-05	1.27E-05	2.91E-03	1.97E-03	
738	6.35E-01	3.03E-05	1.13E-05	2.91E-03	1.97E-03	
739	6.33E-01	2.56E-05	1.04E-05	2.91E-03	2.46E-03	
740	6.31E-01	2.32E-05	1.03E-05	2.91E-03	2.95E-03	
741	6.29E-01	2.31E-05	1.13E-05	2.91E-03	2.95E-03	
742	6.27E-01	1.72E-05	9.40E-06	2.91E-03	2.95E-03	
743	6.27E-01	1.12E-05	6.54E-06	2.91E-03	2.95E-03	
744	6.26E-01	1.00E-05	6.36E-06	2.91E-03	2.95E-03	
745	6.26E-01	9.27E-06	6.43E-06	3.39E-03	3.44E-03	
746	6.27E-01	8.45E-06	6.49E-06	3.87E-03	3.93E-03	
747	6.26E-01	6.65E-06	5.39E-06	3.87E-03	4.42E-03	
748	6.26E-01	4.91E-06	4.23E-06	3.87E-03	4.91E-03	
749	6.28E-01	5.14E-06	4.64E-06	3.87E-03	5.40E-03	
750	6.29E-01	3.78E-06	3.58E-06	3.87E-03	5.89E-03	
751	6.30E-01	3.98E-06	3.87E-06	4.35E-03	7.36E-03	
752	6.31E-01	4.67E-06	4.66E-06	4.83E-03	8.83E-03	
753	6.34E-01	3.82E-06	3.92E-06	5.32E-03	1.08E-02	
754	6.37E-01	4.16E-06	4.40E-06	5.80E-03	1.27E-02	
755	6.41E-01	3.79E-06	4.13E-06	5.80E-03	1.67E-02	
756	6.45E-01	3.48E-06	3.90E-06	5.80E-03	2.06E-02	
757	6.50E-01	3.96E-06	4.59E-06	6.28E-03	2.84E-02	
758	6.56E-01	3.36E-06	4.03E-06	6.76E-03	3.63E-02	
759	6.62E-01	4.68E-06	5.76E-06	7.24E-03	5.10E-02	
760	6.67E-01	4.20E-06	5.31E-06	7.72E-03	6.56E-02	
761	6.74E-01	3.76E-06	4.75E-06	8.21E-03	9.50E-02	
762	6.81E-01	3.19E-06	4.03E-06	8.69E-03	1.24E-01	
763	6.89E-01	4.13E-06	5.35E-06	8.69E-03	1.76E-01	
764	6.96E-01	4.70E-06	6.25E-06	8.68E-03	2.28E-01	
765	7.03E-01	4.60E-06	6.27E-06	9.17E-03	3.04E-01	
766	7.10E-01	5.21E-06	7.29E-06	9.65E-03	3.81E-01	
767	7.18E-01	5.67E-06	8.11E-06	9.64E-03	4.62E-01	
768	7.25E-01	5.19E-06	7.59E-06	9.65E-03	5.44E-01	
769	7.31E-01	6.12E-06	8.87E-06	1.01E-02	6.05E-01	
770	7.37E-01	7.46E-06	1.07E-05	1.06E-02	6.65E-01	
771	7.42E-01	7.72E-06	1.13E-05	1.06E-02	6.95E-01	
772	7.46E-01	8.50E-06	1.27E-05	1.06E-02	7.26E-01	
773	7.51E-01	9.98E-06	1.51E-05	1.06E-02	7.39E-01	
774	7.55E-01	1.25E-05	1.90E-05	1.06E-02	7.51E-01	
775	7.58E-01	1.29E-05	1.99E-05	1.11E-02	7.59E-01	
776	7.62E-01	1.45E-05	2.25E-05	1.16E-02	7.68E-01	
777	7.67E-01	1.79E-05	2.76E-05	1.16E-02	7.77E-01	
778	7.73E-01	2.15E-05	3.28E-05	1.16E-02	7.86E-01	
779	7.78E-01	2.32E-05	3.56E-05	1.21E-02	7.95E-01	
780	7.84E-01	2.59E-05	4.00E-05	1.26E-02	8.04E-01	
781	7.90E-01	2.79E-05	4.28E-05	1.30E-02	8.12E-01	
782	7.96E-01	3.17E-05	4.82E-05	1.35E-02	8.19E-01	
783	8.03E-01	3.38E-05	4.98E-05	1.40E-02	8.25E-01	
784	8.09E-01	3.59E-05	5.15E-05	1.45E-02	8.31E-01	
785	8.15E-01	3.69E-05	5.04E-05	1.50E-02	8.37E-01	
786	8.21E-01	3.82E-05	4.98E-05	1.55E-02	8.42E-01	
787	8.27E-01	3.93E-05	4.92E-05	1.64E-02	8.49E-01	
788	8.32E-01	4.02E-05	4.84E-05	1.74E-02	8.55E-01	
789	8.38E-01	4.22E-05	4.75E-05	1.84E-02	8.62E-01	
790	8.44E-01	4.42E-05	4.67E-05	1.94E-02	8.68E-01	
791	8.49E-01	4.24E-05	4.23E-05	2.03E-02	8.76E-01	
792	8.55E-01	4.29E-05	4.06E-05	2.13E-02	8.84E-01	
793	8.60E-01	4.18E-05	3.68E-05	2.28E-02	8.90E-01	
794	8.65E-01	4.40E-05	3.63E-05	2.42E-02	8.97E-01	
795	8.69E-01	4.50E-05	3.49E-05	2.52E-02	9.03E-01	
796	8.73E-01	4.79E-05	3.52E-05	2.62E-02	9.09E-01	
797	8.76E-01	5.01E-05	3.45E-05	2.77E-02	9.14E-01	
798	8.79E-01	5.67E-05	3.68E-05	2.91E-02	9.19E-01	
799	8.82E-01	5.90E-05	3.72E-05	2.96E-02	9.24E-01	
800	8.85E-01	5.89E-05	3.62E-05	3.01E-02	9.30E-01	
801	8.87E-01	6.07E-05	3.72E-05	3.02E-02	9.35E-01	
802	8.89E-01	5.66E-05	3.46E-05	3.02E-02	9.38E-01	
803	8.92E-01	5.91E-05	3.61E-05	2.92E-02	9.43E-01	
804	8.95E-01	6.32E-05	3.86E-05	2.83E-02	9.48E-01	
805	8.99E-01	6.42E-05	3.98E-05	2.73E-02	9.52E-01	
806	9.02E-01	6.78E-05	4.27E-05	2.63E-02	9.56E-01	
807	9.07E-01	6.97E-05	4.49E-05	2.54E-02	9.60E-01	
808	9.12E-01	7.16E-05	4.72E-05	2.44E-02	9.63E-01	
809	9.18E-01	7.38E-05	4.99E-05	2.35E-02	9.66E-01	
810	9.22E-01	6.95E-05	4.82E-05	2.25E-02	9.68E-01	
811	9.28E-01	7.89E-05	5.55E-05	2.15E-02	9.72E-01	
812	9.35E-01	8.17E-05	5.83E-05	2.06E-02	9.76E-01	
813	9.39E-01	9.29E-05	6.60E-05	1.96E-02	9.79E-01	
814	9.45E-01	9.98E-05	7.06E-05	1.86E-02	9.82E-01	
815	9.51E-01	1.06E-04	7.57E-05	1.77E-02	9.85E-01	
816	9.57E-01	1.17E-04	8.38E-05	1.67E-02	9.88E-01	
817	9.62E-01	1.27E-04	8.85E-05	1.62E-02	9.91E-01	
818	9.66E-01	1.37E-04	9.29E-05	1.57E-02	9.93E-01	
819	9.71E-01	1.54E-04	1.01E-04	1.53E-02	9.97E-01	
820	9.76E-01	1.65E-04	1.06E-04	1.48E-02	9.99E-01	
821	9.81E-01	1.83E-04	1.15E-04	1.48E-02	1.00E+00	
822	9.85E-01	1.92E-04	1.19E-04	1.48E-02	1.00E+00	
823	9.90E-01	2.09E-04	1.25E-04	1.43E-02	9.99E-01	
824	9.92E-01	2.27E-04	1.30E-04	1.38E-02	9.97E-01	
825	9.95E-01	2.36E-04	1.32E-04	1.38E-02	9.95E-01	
826	9.96E-01	2.41E-04	1.31E-04	1.38E-02	9.92E-01	
827	9.97E-01	2.48E-04	1.33E-04	1.39E-02	9.88E-01	
828	9.98E-01	2.50E-04	1.31E-04	1.39E-02	9.83E-01	
829	9.96E-01	2.48E-04	1.28E-04	1.44E-02	9.79E-01	
830	9.95E-01	2.41E-04	1.22E-04	1.49E-02	9.76E-01	
831	9.94E-01	2.34E-04	1.18E-04	1.49E-02	9.72E-01	
832	9.93E-01	2.29E-04	1.14E-04	1.49E-02	9.68E-01	
833	9.91E-01	2.19E-04	1.10E-04	1.49E-02	9.64E-01	
834	9.89E-01	2.10E-04	1.07E-04	1.49E-02	9.60E-01	
835	9.88E-01	1.98E-04	1.02E-04	1.54E-02	9.57E-01	
836	9.88E-01	1.88E-04	9.79E-05	1.60E-02	9.55E-01	
837	9.88E-01	1.75E-04	9.52E-05	1.65E-02	9.52E-01	
838	9.88E-01	1.66E-04	9.42E-05	1.70E-02	9.49E-01	
839	9.89E-01	1.59E-04	9.14E-05	1.75E-02	9.47E-01	
840	9.91E-01	1.49E-04	8.68E-05	1.80E-02	9.46E-01	
841	9.90E-01	1.39E-04	8.56E-05	1.80E-02	9.43E-01	
842	9.89E-01	1.32E-04	8.54E-05	1.80E-02	9.40E-01	
843	9.92E-01	1.24E-04	8.37E-05	1.85E-02	9.38E-01	
844	9.94E-01	1.20E-04	8.47E-05	1.91E-02	9.36E-01	
845	9.96E-01	1.14E-04	8.10E-05	1.91E-02	9.34E-01	
846	9.98E-01	1.10E-04	7.86E-05	1.91E-02	9.31E-01	
847	9.97E-01	1.01E-04	7.62E-05	1.96E-02	9.26E-01	
848	1.00E+00	9.88E-05	7.82E-05	2.01E-02	9.24E-01	
849	1.00E+00	9.28E-05	7.48E-05	2.01E-02	9.21E-01	
850	1.00E+00	9.15E-05	7.50E-05	2.01E-02	9.18E-01	
851	1.00E+00	8.48E-05	7.21E-05	2.02E-02	9.16E-01	
852	1.00E+00	7.77E-05	6.86E-05	2.02E-02	9.15E-01	
853	9.97E-01	7.22E-05	6.50E-05	2.02E-02	9.12E-01	
854	9.94E-01	6.99E-05	6.42E-05	2.02E-02	9.09E-01	
855	9.92E-01	6.69E-05	6.26E-05	2.02E-02	9.06E-01	
856	9.89E-01	6.47E-05	6.19E-05	2.02E-02	9.03E-01	
857	9.85E-01	5.76E-05	5.63E-05	2.02E-02	9.01E-01	
858	9.81E-01	5.69E-05	5.67E-05	2.02E-02	8.97E-01	
859	9.78E-01	5.39E-05	5.50E-05	1.97E-02	8.94E-01	
860	9.75E-01	4.91E-05	5.12E-05	1.92E-02	8.91E-01	
861	9.74E-01	3.96E-05	4.23E-05	1.93E-02	8.90E-01	
862	9.71E-01	5.18E-05	5.66E-05	1.93E-02	8.88E-01	
863	9.69E-01	3.35E-05	3.58E-05	1.93E-02	8.86E-01	
864	9.68E-01	4.40E-05	4.60E-05	1.93E-02	8.84E-01	
865	9.67E-01	3.47E-05	3.72E-05	1.93E-02	8.83E-01	
866	9.66E-01	2.85E-05	3.13E-05	1.93E-02	8.82E-01	
867	9.67E-01	3.95E-05	4.34E-05	1.88E-02	8.83E-01	
868	9.68E-01	3.16E-05	3.47E-05	1.83E-02	8.84E-01	
869	9.69E-01	4.18E-05	4.59E-05	1.89E-02	8.84E-01	
870	9.69E-01	2.65E-05	2.91E-05	1.94E-02	8.83E-01	
871	9.69E-01	3.70E-05	4.07E-05	1.94E-02	8.84E-01	
872	9.70E-01	2.61E-05	2.86E-05	1.94E-02	8.85E-01	
873	9.70E-01	3.16E-05	3.47E-05	1.94E-02	8.85E-01	
874	9.69E-01	3.03E-05	3.32E-05	1.94E-02	8.85E-01	
875	9.66E-01	3.15E-05	3.38E-05	1.94E-02	8.84E-01	
876	9.63E-01	3.01E-05	3.16E-05	1.94E-02	8.82E-01	
877	9.59E-01	2.82E-05	2.96E-05	2.00E-02	8.80E-01	
878	9.55E-01	3.13E-05	3.28E-05	2.05E-02	8.77E-01	
879	9.50E-01	3.07E-05	3.22E-05	2.05E-02	8.66E-01	
880	9.45E-01	2.77E-05	2.90E-05	2.05E-02	8.54E-01	
881	9.42E-01	3.18E-05	3.34E-05	2.05E-02	8.24E-01	
882	9.37E-01	2.95E-05	3.09E-05	2.05E-02	7.94E-01	
883	9.36E-01	2.18E-05	2.29E-05	2.05E-02	7.36E-01	
884	9.34E-01	3.26E-05	3.42E-05	2.06E-02	6.78E-01	
885	9.36E-01	2.28E-05	2.33E-05	2.11E-02	5.98E-01	
886	9.37E-01	3.10E-05	3.10E-05	2.16E-02	5.18E-01	
887	9.38E-01	1.98E-05	1.98E-05	2.16E-02	4.36E-01	
888	9.39E-01	2.49E-05	2.48E-05	2.16E-02	3.53E-01	
889	9.31E-01	1.74E-05	1.70E-05	2.11E-02	2.87E-01	
890	9.24E-01	2.61E-05	2.48E-05	2.06E-02	2.21E-01	
891	8.93E-01	2.18E-05	2.07E-05	2.06E-02	1.76E-01	
892	8.62E-01	1.81E-05	1.72E-05	2.06E-02	1.31E-01	
893	8.00E-01	2.59E-05	2.47E-05	2.06E-02	1.04E-01	
894	7.39E-01	1.92E-05	1.82E-05	2.06E-02	7.75E-02	
895	6.55E-01	2.23E-05	2.11E-05	2.01E-02	6.18E-02	
896	5.70E-01	1.22E-05	1.16E-05	1.96E-02	4.61E-02	
897	4.83E-01	1.59E-05	1.55E-05	1.91E-02	3.72E-02	
898	3.96E-01	1.13E-05	1.12E-05	1.86E-02	2.83E-02	
899	3.28E-01	1.46E-05	1.53E-05	1.81E-02	2.31E-02	
900	2.59E-01	1.61E-05	1.80E-05	1.76E-02	1.78E-02	
901	2.12E-01	8.80E-06	1.02E-05	1.70E-02	1.47E-02	
902	1.65E-01	1.16E-05	1.39E-05	1.65E-02	1.15E-02	
903	1.35E-01	8.36E-06	1.01E-05	1.55E-02	9.97E-03	
904	1.05E-01	1.02E-05	1.24E-05	1.45E-02	8.40E-03	
905	8.71E-02	7.83E-06	9.21E-06	1.40E-02	6.82E-03	
906	6.89E-02	8.65E-06	9.86E-06	1.35E-02	5.25E-03	
907	5.79E-02	6.52E-06	7.20E-06	1.24E-02	4.73E-03	
908	4.70E-02	6.46E-06	6.91E-06	1.14E-02	4.21E-03	
909	4.03E-02	5.86E-06	6.05E-06	1.09E-02	3.68E-03	
910	3.35E-02	5.60E-06	5.59E-06	1.04E-02	3.16E-03	
911	2.88E-02	5.03E-06	4.84E-06	9.35E-03	2.64E-03	
912	2.41E-02	5.69E-06	5.27E-06	8.32E-03	2.11E-03	
913	2.15E-02	4.25E-06	3.77E-06	7.80E-03	1.58E-03	
914	1.89E-02	6.20E-06	5.24E-06	7.29E-03	1.06E-03	
915	1.68E-02	3.15E-06	2.54E-06	6.77E-03	1.06E-03	
916	1.47E-02	4.36E-06	3.35E-06	6.25E-03	1.06E-03	
917	1.31E-02	4.12E-06	3.00E-06	5.73E-03	1.06E-03	
918	1.16E-02	2.05E-06	1.42E-06	5.21E-03	1.06E-03	
919	1.10E-02	4.41E-06	2.87E-06	4.69E-03	1.06E-03	
920	1.05E-02	2.63E-06	1.61E-06	4.17E-03	1.06E-03	
921	9.46E-03	3.62E-06	2.17E-06	3.65E-03	1.06E-03	
922	8.42E-03	2.29E-06	1.33E-06	3.13E-03	1.06E-03	
923	7.89E-03	4.01E-06	2.17E-06	3.13E-03	1.06E-03	
924	7.37E-03	1.89E-06	9.41E-07	3.13E-03	1.06E-03	
925	7.37E-03	3.57E-06	1.70E-06	2.61E-03	1.06E-03	
926	7.37E-03	3.06E-06	1.39E-06	2.09E-03	1.06E-03	
927	6.84E-03	1.54E-06	6.59E-07	2.09E-03	1.06E-03	
928	6.32E-03	2.72E-06	1.08E-06	2.09E-03	1.06E-03	
929	6.32E-03	2.04E-06	8.16E-07	2.09E-03	1.06E-03	
930	6.31E-03	3.56E-06	1.42E-06	2.09E-03	1.06E-03	
931	6.32E-03	2.44E-06	8.97E-07	1.57E-03	1.06E-03	
932	6.32E-03	2.97E-06	9.89E-07	1.05E-03	1.06E-03	
933	5.79E-03	1.53E-06	5.09E-07	1.04E-03	1.06E-03	
934	5.27E-03	2.21E-06	7.35E-07	1.05E-03	1.06E-03	
935	5.27E-03	1.95E-06	6.88E-07	1.05E-03	1.06E-03	
936	5.27E-03	2.03E-06	7.61E-07	1.05E-03	1.06E-03	
937	5.27E-03	2.10E-06	7.86E-07	1.05E-03	1.06E-03	
938	5.27E-03	2.46E-06	9.22E-07	1.05E-03	1.06E-03	
939	5.27E-03	2.45E-06	9.16E-07	1.05E-03	1.06E-03	
940	5.28E-03	2.57E-06	9.63E-07	1.05E-03	1.06E-03	
941	5.28E-03	2.41E-06	8.03E-07	1.05E-03	1.06E-03	
942	5.28E-03	2.62E-06	7.46E-07	1.05E-03	1.06E-03	
943	5.28E-03	1.81E-06	5.15E-07	1.05E-03	1.06E-03	
944	5.28E-03	2.56E-06	7.30E-07	1.05E-03	1.06E-03	
945	5.29E-03	3.36E-06	9.59E-07	1.05E-03	1.06E-03	
946	5.29E-03	3.15E-06	8.99E-07	1.05E-03	1.06E-03	
947	5.29E-03	3.32E-06	9.45E-07	1.05E-03	1.07E-03	
948	5.29E-03	2.83E-06	8.07E-07	1.05E-03	1.07E-03	
949	5.29E-03	3.39E-06	9.67E-07	1.05E-03	1.07E-03	
950	5.29E-03	3.63E-06	1.03E-06	1.05E-03	1.07E-03	
951	5.30E-03	4.34E-06	1.24E-06	1.05E-03	1.07E-03	
952	5.30E-03	4.33E-06	1.23E-06	1.05E-03	1.07E-03	
953	4.77E-03	4.35E-06	1.24E-06	1.05E-03	1.07E-03	
954	4.24E-03	5.03E-06	1.43E-06	1.05E-03	1.07E-03	
955	4.24E-03	4.50E-06	1.38E-06	1.05E-03	1.07E-03	
956	4.24E-03	4.70E-06	1.56E-06	1.05E-03	1.07E-03	
957	4.24E-03	5.05E-06	1.68E-06	1.05E-03	1.07E-03	
958	4.24E-03	5.95E-06	1.98E-06	1.05E-03	1.07E-03	
959	4.24E-03	5.85E-06	1.95E-06	5.26E-04	1.07E-03	
960	4.24E-03	6.70E-06	2.23E-06	0.00E+00	1.07E-03	
961	4.24E-03	7.16E-06	2.38E-06	0.00E+00	1.07E-03	
962	4.24E-03	7.61E-06	2.53E-06	0.00E+00	1.07E-03	
963	4.24E-03	8.47E-06	2.82E-06	0.00E+00	1.07E-03	
964	4.24E-03	8.70E-06	2.89E-06	0.00E+00	1.07E-03	
965	4.24E-03	9.42E-06	3.13E-06	0.00E+00	1.07E-03	
966	4.24E-03	1.03E-05	3.41E-06	0.00E+00	1.07E-03	
967	4.24E-03	1.10E-05	3.65E-06	0.00E+00	1.07E-03	
968	4.24E-03	1.16E-05	3.87E-06	0.00E+00	1.07E-03	
969	4.24E-03	1.26E-05	4.20E-06	0.00E+00	1.07E-03	
970	4.24E-03	1.33E-05	4.41E-06	0.00E+00	1.07E-03	
971	4.24E-03	1.41E-05	4.69E-06	0.00E+00	1.07E-03	
972	4.24E-03	1.49E-05	4.97E-06	0.00E+00	1.07E-03	
973	4.24E-03	1.59E-05	5.30E-06	0.00E+00	1.07E-03	
974	4.24E-03	1.68E-05	5.58E-06	0.00E+00	1.07E-03	
975	4.24E-03	1.73E-05	5.75E-06	0.00E+00	1.07E-03	
976	4.24E-03	1.80E-05	6.00E-06	0.00E+00	1.07E-03	
977	4.23E-03	1.88E-05	6.25E-06	0.00E+00	1.07E-03	
978	4.24E-03	1.91E-05	6.37E-06	0.00E+00	1.07E-03	
979	4.76E-03	2.14E-05	6.56E-06	0.00E+00	1.07E-03	
980	5.29E-03	2.37E-05	6.75E-06	0.00E+00	1.07E-03	
981	5.29E-03	2.43E-05	6.92E-06	0.00E+00	1.07E-03	
982	5.29E-03	2.50E-05	7.14E-06	0.00E+00	1.07E-03	
983	5.29E-03	2.52E-05	7.17E-06	0.00E+00	1.07E-03	
984	5.29E-03	2.54E-05	7.26E-06	0.00E+00	1.07E-03	
985	5.29E-03	2.57E-05	7.32E-06	0.00E+00	1.07E-03	
986	5.29E-03	2.61E-05	7.46E-06	0.00E+00	1.06E-03	
987	5.29E-03	2.60E-05	7.42E-06	0.00E+00	1.06E-03	
988	5.29E-03	2.57E-05	7.31E-06	0.00E+00	1.06E-03	
989	5.28E-03	2.57E-05	7.34E-06	0.00E+00	1.06E-03	
990	5.28E-03	2.57E-05	7.33E-06	0.00E+00	1.06E-03	
991	5.28E-03	2.58E-05	7.35E-06	0.00E+00	1.06E-03	
992	5.28E-03	2.55E-05	7.27E-06	0.00E+00	1.06E-03	
993	5.28E-03	2.53E-05	7.20E-06	0.00E+00	1.06E-03	
994	5.28E-03	2.47E-05	7.05E-06	0.00E+00	1.06E-03	
995	5.28E-03	2.49E-05	7.09E-06	0.00E+00	1.06E-03	
996	5.28E-03	2.46E-05	7.01E-06	0.00E+00	1.06E-03	
997	5.28E-03	2.43E-05	6.93E-06	0.00E+00	1.06E-03	
998	5.28E-03	2.43E-05	6.92E-06	0.00E+00	1.06E-03	
999	5.27E-03	2.39E-05	6.81E-06	0.00E+00	1.06E-03	
1000	5.27E-03	2.38E-05	6.77E-06	0.00E+00	1.06E-03	
1001	2.64E-03	2.54E-05	8.46E-06	5.23E-04	1.06E-03	
1002	0.00E+00	2.70E-05	1.01E-05	1.05E-03	1.06E-03	
1003	0.00E+00	2.68E-05	1.00E-05	1.05E-03	1.06E-03	
1004	0.00E+00	2.70E-05	1.01E-05	1.05E-03	1.06E-03	
1005	0.00E+00	2.68E-05	1.00E-05	1.05E-03	1.06E-03	
1006	0.00E+00	2.67E-05	9.98E-06	1.05E-03	1.06E-03	
1007	0.00E+00	2.68E-05	1.00E-05	1.05E-03	1.06E-03	
1008	0.00E+00	2.72E-05	1.02E-05	1.05E-03	1.06E-03	
1009	0.00E+00	2.73E-05	1.02E-05	1.05E-03	1.06E-03	
1010	0.00E+00	2.74E-05	1.03E-05	1.05E-03	1.06E-03	
1011	0.00E+00	2.77E-05	1.04E-05	1.05E-03	1.06E-03	
1012	0.00E+00	2.79E-05	1.05E-05	1.05E-03	1.06E-03	
1013	0.00E+00	2.81E-05	1.05E-05	1.05E-03	1.06E-03	
1014	0.00E+00	2.84E-05	1.06E-05	1.05E-03	1.06E-03	
1015	0.00E+00	2.69E-05	1.07E-05	1.05E-03	1.06E-03	
1016	0.00E+00	2.56E-05	1.09E-05	1.05E-03	1.06E-03	
1017	0.00E+00	2.59E-05	9.24E-06	1.05E-03	1.06E-03	
1018	0.00E+00	2.62E-05	7.48E-06	1.05E-03	1.06E-03	
1019	0.00E+00	2.66E-05	7.59E-06	1.05E-03	1.06E-03	
1020	0.00E+00	2.70E-05	7.70E-06	1.05E-03	1.06E-03	
1021	0.00E+00	2.57E-05	7.88E-06	1.05E-03	1.06E-03	
1022	0.00E+00	2.38E-05	7.90E-06	1.04E-03	1.06E-03	
1023	0.00E+00	2.41E-05	8.01E-06	1.04E-03	1.06E-03	
1024	0.00E+00	2.44E-05	8.12E-06	1.04E-03	1.06E-03	
1025	0.00E+00	2.47E-05	8.23E-06	5.22E-04	1.06E-03	
1026	0.00E+00	2.51E-05	8.37E-06	0.00E+00	1.06E-03	
1027	0.00E+00	2.34E-05	6.37E-06	0.00E+00	1.06E-03	
1028	0.00E+00	2.14E-05	4.27E-06	0.00E+00	1.06E-03	
1029	0.00E+00	2.15E-05	4.30E-06	0.00E+00	1.06E-03	
1030	0.00E+00	2.19E-05	4.37E-06	0.00E+00	1.06E-03	
1031	0.00E+00	2.21E-05	4.41E-06	0.00E+00	1.06E-03	
1032	0.00E+00	2.23E-05	4.46E-06	0.00E+00	1.06E-03	
1033	0.00E+00	2.02E-05	4.49E-06	0.00E+00	1.06E-03	
1034	0.00E+00	1.80E-05	4.50E-06	0.00E+00	1.06E-03	
1035	0.00E+00	1.82E-05	4.53E-06	0.00E+00	1.06E-03	
1036	0.00E+00	1.83E-05	4.57E-06	0.00E+00	1.06E-03	
1037	0.00E+00	1.84E-05	4.58E-06	0.00E+00	1.06E-03	
1038	0.00E+00	1.84E-05	4.59E-06	0.00E+00	1.06E-03	
