400 0.004101 0.000144 0.00049 0.001249 0.001294
401 0.004189 0.000226 0.00077 0.00131 0.001357
402 0.004271 0.000262 0.000891 0.001372 0.001422
403 0.00435 0.000229 0.000726 0.001438 0.001366
404 0.004425 0.000197 0.000577 0.001506 0.0013
405 0.004633 0.000228 0.000666 0.001576 0.001361
406 0.004849 0.000296 0.000864 0.00165 0.001425
407 0.004923 0.000309 0.000902 0.001582 0.001491
408 0.004992 0.00023 0.000673 0.001504 0.001558
409 0.005219 0.000161 0.000376 0.001572 0.001467
410 0.005449 0.000102 0.000199 0.001642 0.001361
411 0.005509 0.000068 0.000133 0.001713 0.00142
412 0.005558 0.000058 0.000114 0.001786 0.001481
413 0.00579 0.00006 0.000116 0.001861 0.001543
414 0.006021 0.00007 0.000136 0.001935 0.001604
415 0.006252 0.000091 0.000163 0.001808 0.001666
416 0.006486 0.000131 0.000212 0.001668 0.001728
417 0.006491 0.000196 0.000318 0.001726 0.001789
418 0.006475 0.000299 0.000485 0.001784 0.001848
419 0.006681 0.000447 0.000725 0.00184 0.001907
420 0.006883 0.000638 0.001035 0.001896 0.001965
421 0.007078 0.000857 0.001391 0.00195 0.002021
422 0.007266 0.00108 0.001752 0.002001 0.002074
423 0.007177 0.001277 0.002072 0.00205 0.002124
424 0.00707 0.001428 0.002317 0.002097 0.002174
425 0.00722 0.001527 0.002477 0.001874 0.00222
426 0.007364 0.001586 0.002573 0.001638 0.002264
427 0.007208 0.001628 0.002378 0.001668 0.002304
428 0.007038 0.001669 0.002167 0.001696 0.002344
429 0.007146 0.001714 0.002225 0.001722 0.00238
430 0.007248 0.001759 0.002284 0.001747 0.002414
431 0.007344 0.001798 0.002334 0.00177 0.002446
432 0.00743 0.001828 0.002372 0.001791 0.002474
433 0.007514 0.001849 0.0021 0.001811 0.00219
434 0.007587 0.001866 0.001817 0.001829 0.001895
435 0.007656 0.001885 0.001835 0.001845 0.001912
436 0.007717 0.001902 0.001852 0.00186 0.001928
437 0.007775 0.002234 0.001864 0.001562 0.001942
438 0.007827 0.002563 0.001871 0.001258 0.001955
439 0.00788 0.003207 0.001873 0.001266 0.001968
440 0.007926 0.003852 0.001875 0.001274 0.00198
441 0.008635 0.004828 0.00188 0.001281 0.001991
442 0.009353 0.005828 0.001891 0.001288 0.002002
443 0.010742 0.008497 0.001909 0.001295 0.002348
444 0.012153 0.011238 0.001931 0.001302 0.002698
445 0.018334 0.021052 0.002277 0.001637 0.002714
446 0.024584 0.03103 0.002627 0.001975 0.002729
447 0.039836 0.065233 0.002646 0.002649 0.002745
448 0.05528 0.099828 0.002663 0.003331 0.002762
449 0.072697 0.153346 0.003013 0.003353 0.003128
450 0.090434 0.207746 0.003371 0.003379 0.003502
451 0.100625 0.250441 0.003741 0.003404 0.003528
452 0.111066 0.293952 0.004118 0.003432 0.003557
453 0.115976 0.314561 0.004157 0.003462 0.003587
454 0.12108 0.335416 0.004195 0.003495 0.003622
455 0.12443 0.346672 0.004232 0.003881 0.003656
456 0.127936 0.358241 0.004271 0.004278 0.003694
457 0.131151 0.368587 0.00431 0.004683 0.004106
458 0.134513 0.379565 0.004356 0.0051 0.00453
459 0.138244 0.391718 0.004409 0.005154 0.004579
460 0.142191 0.404252 0.004464 0.005215 0.004633
461 0.145648 0.416132 0.004522 0.00527 0.004682
462 0.149344 0.427956 0.004578 0.005333 0.004737
463 0.1525 0.438653 0.005015 0.005003 0.005185
464 0.15575 0.449214 0.005457 0.004668 0.005644
465 0.158981 0.461155 0.005509 0.004716 0.005702
466 0.162291 0.473214 0.00556 0.004765 0.005762
467 0.165578 0.486685 0.006018 0.004813 0.006235
468 0.168856 0.500442 0.006485 0.00486 0.006715
469 0.171691 0.515256 0.006961 0.005313 0.006777
470 0.174497 0.529965 0.007442 0.005773 0.006837
471 0.176874 0.541771 0.007505 0.006239 0.006465
472 0.179142 0.55329 0.007563 0.006707 0.006082
473 0.180446 0.560342 0.007612 0.007178 0.005689
474 0.18183 0.566936 0.007654 0.007659 0.005291
475 0.183444 0.571553 0.007693 0.006852 0.005769
476 0.185074 0.575855 0.007727 0.006034 0.006253
477 0.187587 0.582579 0.007758 0.005638 0.006292
478 0.19001 0.589102 0.007785 0.005234 0.006328
479 0.193901 0.601061 0.008242 0.004827 0.005912
480 0.197668 0.613104 0.008701 0.004411 0.005486
481 0.200994 0.627318 0.009154 0.004434 0.005055
482 0.204399 0.641522 0.009609 0.004458 0.00462
483 0.207667 0.65368 0.010067 0.004479 0.004177
484 0.21096 0.665932 0.010528 0.0045 0.00373
485 0.215216 0.677238 0.010563 0.004972 0.003748
486 0.219452 0.689241 0.010609 0.005448 0.003764
487 0.22321 0.698047 0.009766 0.005927 0.004252
488 0.226951 0.707568 0.008923 0.006408 0.004744
489 0.231147 0.719127 0.008527 0.007352 0.005238
490 0.235342 0.730981 0.008128 0.008301 0.005735
491 0.239534 0.744572 0.007272 0.00833 0.006714
492 0.243673 0.75856 0.006406 0.008357 0.007698
493 0.246964 0.772808 0.006446 0.007921 0.007726
494 0.250146 0.786723 0.006483 0.007478 0.00775
495 0.252235 0.797545 0.006052 0.00656 0.007284
496 0.254387 0.808069 0.005613 0.005638 0.006817
497 0.256568 0.813614 0.005631 0.005183 0.006836
498 0.258762 0.819163 0.005649 0.004725 0.006855
499 0.259942 0.820885 0.005665 0.004737 0.007364
500 0.261122 0.822361 0.005678 0.00475 0.007876
501 0.262948 0.824267 0.006162 0.004765 0.008395
502 0.264585 0.826291 0.006648 0.004777 0.008911
503 0.266706 0.83409 0.00714 0.005267 0.009924
504 0.268885 0.842402 0.007638 0.005761 0.010945
505 0.272527 0.858679 0.00814 0.006256 0.010971
506 0.276048 0.875728 0.008651 0.00675 0.010992
507 0.280612 0.895572 0.010133 0.00773 0.010514
508 0.285245 0.914726 0.011616 0.008715 0.010035
509 0.290316 0.930819 0.014076 0.009217 0.009551
510 0.29533 0.94571 0.016528 0.009718 0.009063
511 0.301379 0.960163 0.021897 0.009734 0.009079
512 0.30743 0.974072 0.027262 0.00975 0.009093
513 0.313064 0.986855 0.04137 0.009279 0.008604
514 0.318704 1 0.055493 0.008807 0.008113
515 0.324157 0.995965 0.089167 0.008327 0.007614
516 0.329722 0.991749 0.122886 0.007849 0.007117
517 0.334293 0.925322 0.194543 0.007861 0.007128
518 0.338644 0.858546 0.266531 0.007867 0.007134
519 0.343547 0.728792 0.368521 0.007874 0.00714
520 0.348657 0.597939 0.470827 0.007886 0.007151
521 0.351464 0.464463 0.559682 0.008385 0.007156
522 0.354306 0.330436 0.648335 0.008885 0.007162
523 0.358153 0.245743 0.693073 0.009386 0.007679
524 0.361948 0.160844 0.736669 0.009885 0.008195
525 0.364753 0.121203 0.749786 0.010387 0.008201
526 0.367753 0.081693 0.762931 0.010894 0.008211
527 0.371178 0.063958 0.772205 0.0114 0.008732
528 0.374508 0.046369 0.783136 0.011903 0.009252
529 0.377949 0.037825 0.794931 0.011418 0.009775
530 0.381292 0.029306 0.807724 0.010929 0.010296
531 0.384501 0.025324 0.82199 0.010435 0.010814
532 0.387931 0.021321 0.836216 0.009947 0.011339
533 0.390738 0.01883 0.84873 0.009455 0.011861
534 0.393378 0.0163 0.859927 0.008959 0.012379
535 0.396179 0.01479 0.872397 0.008964 0.012386
536 0.398807 0.013269 0.884414 0.008965 0.012387
537 0.40148 0.012763 0.897633 0.008967 0.012906
538 0.40433 0.012255 0.910771 0.008973 0.013431
539 0.407198 0.011748 0.924438 0.008979 0.012924
540 0.4097 0.01125 0.93892 0.008977 0.012404
541 0.411605 0.010753 0.952672 0.009484 0.012415
542 0.413341 0.01026 0.966889 0.009987 0.01242
543 0.413889 0.010275 0.97729 0.010488 0.012421
544 0.414647 0.010292 0.987958 0.010993 0.012428
545 0.415406 0.010814 0.994143 0.0115 0.012436
546 0.415972 0.011331 0.99982 0.012001 0.012437
547 0.416629 0.01183 1 0.012005 0.012959
548 0.417203 0.012311 0.998834 0.012007 0.01348
549 0.417329 0.012786 0.994865 0.01201 0.013484
550 0.417566 0.013265 0.991421 0.012017 0.013491
551 0.417717 0.014236 0.985002 0.012021 0.012977
552 0.417796 0.015222 0.980055 0.012024 0.01246
553 0.41721 0.016717 0.975042 0.011521 0.01142
554 0.416736 0.01825 0.972291 0.011021 0.010383
555 0.416365 0.019302 0.970225 0.010524 0.009868
556 0.415945 0.020369 0.968698 0.010025 0.00935
557 0.415028 0.02146 0.967543 0.009527 0.009353
558 0.414001 0.022567 0.966709 0.009026 0.009353
559 0.412975 0.022643 0.965943 0.008525 0.009873
560 0.412041 0.022697 0.96424 0.008025 0.010396
561 0.411939 0.022727 0.962474 0.007522 0.011433
562 0.411762 0.022736 0.959851 0.007017 0.012467
563 0.41303 0.02168 0.95783 0.007021 0.012993
564 0.41395 0.020634 0.9562 0.007019 0.013509
565 0.41605 0.020098 0.955771 0.007019 0.01351
566 0.418313 0.019554 0.954878 0.007023 0.013515
567 0.420413 0.019028 0.95527 0.007023 0.012996
568 0.422491 0.018507 0.955966 0.007023 0.012476
569 0.42462 0.018502 0.955668 0.007525 0.010918
570 0.426652 0.01852 0.956624 0.008026 0.009357
571 0.429239 0.018517 0.953438 0.008527 0.008317
572 0.431893 0.018541 0.951672 0.00903 0.007278
573 0.433884 0.019053 0.947524 0.010031 0.007277
574 0.436044 0.019576 0.943878 0.011036 0.007278
575 0.437987 0.020097 0.940638 0.012036 0.007276
576 0.440228 0.020632 0.938048 0.013044 0.007279
577 0.440625 0.021147 0.934502 0.014043 0.007277
578 0.441434 0.021679 0.931693 0.015056 0.007281
579 0.440395 0.021695 0.928855 0.015056 0.007801
580 0.439374 0.021698 0.925456 0.015057 0.008322
581 0.437173 0.02171 0.92295 0.014049 0.00884
582 0.435405 0.021717 0.920223 0.013055 0.009366
583 0.43257 0.021183 0.918993 0.012044 0.010402
584 0.429908 0.020642 0.917394 0.011039 0.01144
585 0.427839 0.020086 0.911557 0.009534 0.01196
586 0.425744 0.019525 0.90544 0.008029 0.01248
587 0.425077 0.018915 0.87895 0.007524 0.012476
588 0.424735 0.01825 0.849862 0.007025 0.012481
589 0.424109 0.017488 0.773431 0.006522 0.012478
590 0.423489 0.016529 0.690065 0.006019 0.012475
591 0.423484 0.015798 0.565908 0.005517 0.012475
592 0.423547 0.014652 0.438023 0.005016 0.012477
593 0.424063 0.013093 0.313433 0.004515 0.011437
594 0.424584 0.011234 0.202011 0.004013 0.010397
595 0.425524 0.009481 0.127647 0.004012 0.009875
596 0.426764 0.007706 0.070857 0.004014 0.00936
597 0.428796 0.00609 0.041502 0.004014 0.008839
598 0.430984 0.004739 0.02161 0.004015 0.008321
599 0.432975 0.003742 0.012659 0.004014 0.007799
600 0.43499 0.002953 0.006846 0.004013 0.007278
601 0.438672 0.002343 0.004147 0.004013 0.006759
602 0.442223 0.001876 0.002382 0.004013 0.006238
603 0.445775 0.001546 0.001505 0.004513 0.006756
604 0.449364 0.001288 0.000916 0.005014 0.007275
605 0.454012 0.00106 0.000631 0.005014 0.007274
606 0.458414 0.000884 0.00043 0.005011 0.00727
607 0.46406 0.00072 0.0003 0.005511 0.008826
608 0.469851 0.000592 0.000206 0.006013 0.010386
609 0.476405 0.000495 0.000155 0.006511 0.011938
610 0.483177 0.000414 0.000115 0.007012 0.013496
611 0.491541 0.000346 0.000092 0.008015 0.014536
612 0.499916 0.00029 0.000073 0.009018 0.015576
613 0.508667 0.000239 0.000058 0.010018 0.015573
614 0.517351 0.000199 0.000047 0.011017 0.015569
615 0.527295 0.000167 0.000037 0.013022 0.014014
616 0.536967 0.000141 0.00003 0.01502 0.012452
617 0.547012 0.000121 0.000026 0.019031 0.010899
618 0.556591 0.000106 0.000023 0.023026 0.009337
619 0.566967 0.000089 0.000018 0.029032 0.0083
620 0.577392 0.000078 0.000014 0.035042 0.007263
621 0.586399 0.000071 0.000013 0.047571 0.007265
622 0.59501 0.000064 0.000012 0.060068 0.007262
623 0.603072 0.00006 0.000011 0.083632 0.007266
624 0.610922 0.000056 0.00001 0.10718 0.007266
625 0.618061 0.000053 0.000009 0.152723 0.007784
626 0.625332 0.000049 0.000008 0.19829 0.008303
627 0.62965 0.000047 0.000009 0.274972 0.009343
628 0.633398 0.000044 0.000009 0.351378 0.010374
629 0.635587 0.000046 0.000009 0.451565 0.01297
630 0.637626 0.000042 0.000008 0.551657 0.015563
631 0.640101 0.000045 0.000009 0.643146 0.019191
632 0.642761 0.000043 0.000009 0.734811 0.022824
633 0.64506 0.000046 0.00001 0.787507 0.024369
634 0.647857 0.000048 0.00001 0.840804 0.025933
635 0.652086 0.000051 0.000011 0.860923 0.02438
636 0.656152 0.000051 0.000012 0.880827 0.02282
637 0.661203 0.000052 0.000014 0.889146 0.020223
638 0.666179 0.000054 0.000017 0.897364 0.017625
639 0.672958 0.000055 0.00002 0.907415 0.015552
640 0.679612 0.000059 0.000024 0.917297 0.013476
641 0.686517 0.00006 0.000029 0.928517 0.012443
642 0.693338 0.000061 0.000034 0.939626 0.011407
643 0.700603 0.000062 0.000042 0.950131 0.011407
644 0.707934 0.000061 0.000048 0.960727 0.011408
645 0.715339 0.000063 0.000053 0.96792 0.012448
646 0.722324 0.000065 0.00006 0.974546 0.01348
647 0.727727 0.000066 0.00006 0.977638 0.015029
648 0.733592 0.00007 0.000063 0.981351 0.016587
649 0.738577 0.000071 0.000061 0.982582 0.019692
650 0.743983 0.000074 0.00006 0.984373 0.022808
651 0.748341 0.000071 0.000052 0.987648 0.024369
652 0.75229 0.000071 0.000046 0.990383 0.025918
653 0.754288 0.000069 0.000042 0.992781 0.025397
654 0.756135 0.00007 0.000039 0.994983 0.024871
655 0.756752 0.000069 0.000034 0.997612 0.022802
656 0.757186 0.000065 0.000029 1 0.020726
657 0.756718 0.000064 0.000027 0.999567 0.018137
658 0.756159 0.000062 0.000024 0.999014 0.015545
659 0.755017 0.000062 0.000024 0.997061 0.013998
660 0.753196 0.000061 0.000023 0.99421 0.012438
661 0.749398 0.000062 0.000022 0.986672 0.011926
662 0.745046 0.000064 0.000021 0.978404 0.011404
663 0.739433 0.000063 0.000021 0.969524 0.011924
664 0.733726 0.000063 0.000021 0.960519 0.012443
665 0.727496 0.000063 0.000022 0.953011 0.014516
666 0.721265 0.000068 0.000024 0.945501 0.01659
667 0.714698 0.000067 0.000025 0.940234 0.019705
668 0.708388 0.000069 0.000028 0.935307 0.022831
669 0.702045 0.000074 0.000032 0.932156 0.02594
670 0.696127 0.000076 0.000036 0.929571 0.029066
671 0.691888 0.000078 0.00004 0.927455 0.028025
672 0.687845 0.000082 0.000046 0.925604 0.026991
673 0.685366 0.000085 0.000052 0.922759 0.022843
674 0.682725 0.000088 0.000058 0.919695 0.018688
675 0.681601 0.000093 0.000064 0.914071 0.015052
676 0.68042 0.000096 0.00007 0.908371 0.011417
677 0.679787 0.0001 0.000073 0.902211 0.009339
678 0.679365 0.000106 0.000078 0.896332 0.007265
679 0.679395 0.00011 0.000079 0.891364 0.006227
680 0.679294 0.000111 0.000078 0.886224 0.005189
681 0.68088 0.000114 0.000074 0.88526 0.005189
682 0.68227 0.000116 0.00007 0.88404 0.005188
683 0.684622 0.00012 0.000069 0.881891 0.004671
684 0.686851 0.000122 0.000066 0.879582 0.004153
685 0.689392 0.000126 0.000061 0.861478 0.004671
686 0.692154 0.00013 0.000057 0.843647 0.005192
687 0.693156 0.000135 0.000054 0.790502 0.00623
688 0.694274 0.000142 0.000052 0.737485 0.007269
689 0.694416 0.000148 0.000051 0.649955 0.009341
690 0.695073 0.000154 0.00005 0.562938 0.011419
691 0.692684 0.000163 0.000049 0.46822 0.013997
692 0.69106 0.000173 0.000049 0.374139 0.016587
693 0.688588 0.000179 0.00005 0.298939 0.01606
694 0.686385 0.000182 0.000051 0.223913 0.015539
695 0.683903 0.000185 0.00005 0.177459 0.012433
696 0.68123 0.000183 0.000048 0.130955 0.009324
697 0.679211 0.000175 0.000048 0.104472 0.007252
698 0.677257 0.000166 0.000047 0.077993 0.005181
699 0.674816 0.000149 0.000046 0.063008 0.004146
700 0.672549 0.000131 0.000043 0.04803 0.003111
701 0.668944 0.000112 0.000039 0.039495 0.00259
702 0.666097 0.000096 0.000035 0.031009 0.002073
703 0.663004 0.000079 0.000032 0.026008 0.002073
704 0.66009 0.000064 0.000029 0.021013 0.002074
705 0.657403 0.000052 0.000026 0.018009 0.002074
706 0.654722 0.000043 0.000023 0.015005 0.002073
707 0.654293 0.000036 0.000021 0.013006 0.002074
708 0.653427 0.000029 0.000019 0.010999 0.002073
709 0.654757 0.000024 0.000017 0.009996 0.002072
710 0.656274 0.000022 0.000017 0.008996 0.002072
711 0.659517 0.000021 0.000017 0.007998 0.002072
712 0.662078 0.000018 0.000016 0.006992 0.00207
713 0.665839 0.000015 0.000014 0.006489 0.002069
714 0.669861 0.000013 0.000014 0.005989 0.002069
715 0.674223 0.000013 0.000014 0.005487 0.002068
716 0.679208 0.000012 0.000014 0.004991 0.002069
717 0.683333 0.000011 0.000013 0.004492 0.002069
718 0.687452 0.00001 0.000013 0.003993 0.002069
719 0.689515 0.000012 0.000015 0.003993 0.002069
720 0.691348 0.000013 0.000016 0.003991 0.002068
721 0.692068 0.000011 0.000014 0.003491 0.002067
722 0.693138 0.000012 0.000015 0.002992 0.002067
723 0.693074 0.000013 0.000016 0.00299 0.002065
724 0.693274 0.000014 0.000016 0.002988 0.002065
725 0.692547 0.000015 0.000016 0.002987 0.002064
726 0.691846 0.000015 0.000015 0.002987 0.002063
727 0.691007 0.000017 0.000015 0.002985 0.002062
728 0.690505 0.000019 0.000016 0.002985 0.002062
729 0.689773 0.000023 0.000017 0.002984 0.002062
730 0.688725 0.000024 0.000016 0.002982 0.00206
731 0.687089 0.000028 0.000015 0.002982 0.00206
732 0.685664 0.00003 0.000015 0.002982 0.00206
733 0.683013 0.000029 0.000013 0.002982 0.00206
734 0.680145 0.000035 0.000014 0.002981 0.002059
735 0.677115 0.000037 0.000013 0.002979 0.002058
736 0.674486 0.000041 0.000014 0.002978 0.002058
737 0.670865 0.000037 0.000013 0.002976 0.002056
738 0.66783 0.000032 0.000012 0.002976 0.002056
739 0.665097 0.000027 0.000011 0.002973 0.002568
740 0.662928 0.000025 0.000011 0.002973 0.003081
741 0.661188 0.000024 0.000012 0.002972 0.00308
742 0.659527 0.000018 0.00001 0.002971 0.003079
743 0.658762 0.000012 0.000007 0.00297 0.003078
744 0.657561 0.000011 0.000007 0.002967 0.003075
745 0.65789 0.00001 0.000007 0.003461 0.003586
746 0.658185 0.000009 0.000007 0.003954 0.004097
747 0.657818 0.000007 0.000006 0.003951 0.004607
748 0.657711 0.000005 0.000004 0.003951 0.005118
749 0.658747 0.000005 0.000005 0.003948 0.005625
750 0.659862 0.000004 0.000004 0.003945 0.006133
751 0.661321 0.000004 0.000004 0.004438 0.007665
752 0.662143 0.000005 0.000005 0.004926 0.009188
753 0.664989 0.000004 0.000004 0.005416 0.011226
754 0.667611 0.000004 0.000005 0.005905 0.013259
755 0.671214 0.000004 0.000004 0.005901 0.017326
756 0.675161 0.000004 0.000004 0.0059 0.021398
757 0.68127 0.000004 0.000005 0.006391 0.02955
758 0.687056 0.000004 0.000004 0.006879 0.037683
759 0.693036 0.000005 0.000006 0.007369 0.05295
760 0.698345 0.000004 0.000005 0.007852 0.068145
761 0.705634 0.000004 0.000005 0.008344 0.09868
762 0.712446 0.000003 0.000004 0.008831 0.129143
763 0.720395 0.000004 0.000006 0.008829 0.182988
764 0.727847 0.000005 0.000006 0.00882 0.236644
765 0.735104 0.000005 0.000006 0.009306 0.315707
766 0.742271 0.000005 0.000007 0.00979 0.394646
767 0.749494 0.000006 0.000008 0.009784 0.479107
768 0.756781 0.000005 0.000008 0.00978 0.563532
769 0.762798 0.000006 0.000009 0.010262 0.625899
770 0.769004 0.000008 0.000011 0.010745 0.688349
771 0.772855 0.000008 0.000012 0.010735 0.719071
772 0.77733 0.000009 0.000013 0.010734 0.750345
773 0.781368 0.00001 0.000015 0.010727 0.762987
774 0.785622 0.000013 0.000019 0.010723 0.77583
775 0.788477 0.000014 0.00002 0.0112 0.783737
776 0.791911 0.000015 0.000023 0.011686 0.792215
777 0.797 0.000019 0.000028 0.011679 0.800829
778 0.80262 0.000023 0.000033 0.01168 0.809975
779 0.807671 0.000024 0.000036 0.012159 0.818544
780 0.813619 0.000027 0.000041 0.012652 0.828022
781 0.819168 0.000029 0.000044 0.01313 0.835069
782 0.824482 0.000033 0.000049 0.013604 0.841874
783 0.830863 0.000035 0.000051 0.014087 0.847238
784 0.83742 0.000037 0.000052 0.014573 0.852783
785 0.842807 0.000038 0.000051 0.015047 0.858153
786 0.848184 0.00004 0.000051 0.01552 0.863513
787 0.853517 0.000041 0.00005 0.016487 0.86934
788 0.858611 0.000042 0.000049 0.017447 0.874923
789 0.864001 0.000044 0.000048 0.018414 0.88131
790 0.869083 0.000046 0.000047 0.019373 0.887382
791 0.874517 0.000044 0.000043 0.020339 0.894816
792 0.879664 0.000044 0.000041 0.021299 0.901956
793 0.884182 0.000043 0.000037 0.022751 0.908477
794 0.888637 0.000046 0.000037 0.024201 0.914932
795 0.892026 0.000047 0.000035 0.025152 0.920304
796 0.895875 0.00005 0.000036 0.026114 0.926149
797 0.899108 0.000052 0.000035 0.027572 0.93089
798 0.901836 0.000059 0.000037 0.029014 0.935109
799 0.904372 0.000061 0.000037 0.029499 0.94015
800 0.906681 0.000061 0.000036 0.029976 0.944954
801 0.908439 0.000063 0.000037 0.029984 0.949228
802 0.909206 0.000058 0.000035 0.02996 0.952464
803 0.911957 0.000061 0.000036 0.029001 0.956727
804 0.91425 0.000065 0.000039 0.028028 0.96051
805 0.917123 0.000066 0.00004 0.027057 0.963874
806 0.919477 0.00007 0.000043 0.026072 0.966693
807 0.923933 0.000072 0.000045 0.025105 0.96964
808 0.928061 0.000073 0.000047 0.02413 0.972246
809 0.93303 0.000076 0.00005 0.023176 0.974731
810 0.936921 0.000071 0.000048 0.022196 0.97609
811 0.942614 0.000081 0.000055 0.021235 0.979286
812 0.948194 0.000084 0.000058 0.020272 0.982362
813 0.952066 0.000095 0.000066 0.019293 0.984208
814 0.957024 0.000102 0.00007 0.018337 0.987178
815 0.961999 0.000109 0.000075 0.017363 0.989132
816 0.967469 0.000119 0.000083 0.016398 0.991597
817 0.971999 0.000129 0.000088 0.015924 0.994136
818 0.975485 0.00014 0.000092 0.015433 0.995607
819 0.980457 0.000157 0.000101 0.014958 0.998085
820 0.984777 0.000168 0.000105 0.014473 0.999898
821 0.988881 0.000186 0.000114 0.014474 1
822 0.992459 0.000195 0.000118 0.014468 0.999572
823 0.996145 0.000212 0.000123 0.013995 0.998258
824 0.998247 0.00023 0.000129 0.013501 0.995359
825 0.999698 0.000239 0.00013 0.013507 0.992309
826 1 0.000244 0.000129 0.013497 0.988119
827 0.999334 0.000251 0.000131 0.013495 0.982461
828 0.998736 0.000252 0.000129 0.013494 0.976871
829 0.99556 0.00025 0.000126 0.013959 0.971228
830 0.994075 0.000243 0.00012 0.014448 0.967237
831 0.992126 0.000236 0.000116 0.014449 0.962294
832 0.990448 0.00023 0.000112 0.014453 0.957612
833 0.987858 0.00022 0.000108 0.014459 0.953513
834 0.984434 0.00021 0.000104 0.014453 0.948609
835 0.982946 0.000199 0.0001 0.014927 0.944644
836 0.982869 0.000189 0.000096 0.015423 0.942034
837 0.98199 0.000176 0.000093 0.015907 0.938654
838 0.981442 0.000166 0.000092 0.016397 0.935588
839 0.98198 0.000159 0.000089 0.01688 0.933124
840 0.983307 0.000149 0.000085 0.017377 0.931409
841 0.981865 0.000139 0.000084 0.01736 0.928018
842 0.981481 0.000132 0.000083 0.017362 0.925629
843 0.983521 0.000124 0.000082 0.017854 0.923136
844 0.985486 0.00012 0.000083 0.018346 0.920569
845 0.986717 0.000114 0.000079 0.018359 0.917746
846 0.98762 0.000109 0.000077 0.018367 0.914613
847 0.986925 0.000101 0.000074 0.018818 0.909543
848 0.988917 0.000099 0.000076 0.019319 0.906951
849 0.987971 0.000092 0.000073 0.019311 0.90304
850 0.987329 0.000091 0.000073 0.019308 0.89941
851 0.98718 0.000084 0.00007 0.019325 0.897684
852 0.986276 0.000077 0.000067 0.019327 0.89527
853 0.98274 0.000072 0.000063 0.019316 0.891785
854 0.979323 0.000069 0.000062 0.019308 0.888409
855 0.976402 0.000066 0.000061 0.01932 0.885437
856 0.973127 0.000064 0.00006 0.019324 0.882143
857 0.968982 0.000057 0.000054 0.019321 0.879015
858 0.963931 0.000056 0.000055 0.019301 0.875065
859 0.961361 0.000053 0.000053 0.018827 0.871958
860 0.95794 0.000049 0.000049 0.018336 0.868079
861 0.95645 0.000039 0.000041 0.018375 0.866903
862 0.953182 0.000051 0.000055 0.018379 0.864117
863 0.950914 0.000033 0.000035 0.018384 0.861828
864 0.949042 0.000044 0.000044 0.018396 0.859899
865 0.947772 0.000034 0.000036 0.018391 0.858655
866 0.94687 0.000028 0.00003 0.018393 0.857744
867 0.947411 0.000039 0.000042 0.017919 0.858234
868 0.947573 0.000031 0.000033 0.017438 0.858381
869 0.948042 0.000041 0.000044 0.017931 0.858303
870 0.947979 0.000026 0.000028 0.018415 0.857744
871 0.948488 0.000037 0.000039 0.018424 0.858205
872 0.949352 0.000026 0.000028 0.018441 0.858987
873 0.948906 0.000031 0.000033 0.018452 0.858991
874 0.947849 0.00003 0.000032 0.018451 0.858443
875 0.944285 0.000031 0.000033 0.01845 0.856898
876 0.940453 0.00003 0.00003 0.018444 0.85511
877 0.936478 0.000028 0.000028 0.018941 0.852598
878 0.932381 0.000031 0.000031 0.019436 0.849977
879 0.927323 0.00003 0.000031 0.019435 0.838379
880 0.922633 0.000027 0.000028 0.019443 0.827112
881 0.918528 0.000031 0.000032 0.019452 0.797767
882 0.913971 0.000029 0.00003 0.019452 0.76802
883 0.912007 0.000021 0.000022 0.019453 0.711619
884 0.910284 0.000032 0.000033 0.019459 0.655385
885 0.911263 0.000022 0.000022 0.019945 0.577728
886 0.912019 0.00003 0.00003 0.020426 0.499954
887 0.912869 0.000019 0.000019 0.020433 0.420483
888 0.913639 0.000024 0.000024 0.020439 0.340923
889 0.904942 0.000017 0.000016 0.019939 0.276684
890 0.896972 0.000026 0.000024 0.019455 0.212702
891 0.866347 0.000021 0.00002 0.019447 0.169286
892 0.836114 0.000018 0.000016 0.019447 0.12596
893 0.776427 0.000025 0.000024 0.019443 0.100241
894 0.717003 0.000019 0.000017 0.019445 0.074558
895 0.635094 0.000022 0.00002 0.018967 0.059471
896 0.553132 0.000012 0.000011 0.018489 0.044373
897 0.469022 0.000016 0.000015 0.018009 0.035814
898 0.38484 0.000011 0.000011 0.017529 0.027248
899 0.318212 0.000014 0.000015 0.017044 0.022205
900 0.251632 0.000016 0.000017 0.016563 0.017164
901 0.205568 0.000009 0.00001 0.016069 0.01413
902 0.15966 0.000011 0.000013 0.015588 0.011106
903 0.130824 0.000008 0.00001 0.014609 0.009589
904 0.101975 0.00001 0.000012 0.013628 0.00807
905 0.084271 0.000008 0.000009 0.013135 0.006554
906 0.066612 0.000008 0.000009 0.012649 0.005042
907 0.055999 0.000006 0.000007 0.011673 0.004536
908 0.04542 0.000006 0.000007 0.010704 0.004034
909 0.038851 0.000006 0.000006 0.010215 0.003529
910 0.032307 0.000005 0.000005 0.009734 0.003026
911 0.027766 0.000005 0.000005 0.008761 0.002522
912 0.023219 0.000006 0.000005 0.007786 0.002017
913 0.020698 0.000004 0.000004 0.007301 0.001513
914 0.018172 0.000006 0.000005 0.006813 0.001009
915 0.016149 0.000003 0.000002 0.006325 0.001008
916 0.01413 0.000004 0.000003 0.005838 0.001008
917 0.012615 0.000004 0.000003 0.005351 0.001008
918 0.011103 0.000002 0.000001 0.004866 0.001008
919 0.010602 0.000004 0.000003 0.00438 0.001009
920 0.0101 0.000003 0.000002 0.003895 0.001009
921 0.009089 0.000004 0.000002 0.003408 0.001009
922 0.008081 0.000002 0.000001 0.002922 0.001009
923 0.007576 0.000004 0.000002 0.002922 0.001009
924 0.00707 0.000002 0.000001 0.002921 0.001009
925 0.007071 0.000003 0.000002 0.002435 0.001009
926 0.007071 0.000003 0.000001 0.001948 0.001009
927 0.006566 0.000001 0.000001 0.001948 0.001009
928 0.006062 0.000003 0.000001 0.001948 0.001009
929 0.006062 0.000002 0.000001 0.001948 0.001009
930 0.006061 0.000003 0.000001 0.001948 0.001009
931 0.006063 0.000002 0.000001 0.001461 0.00101
932 0.006065 0.000003 0.000001 0.000975 0.00101
933 0.005559 0.000001 0 0.000974 0.00101
934 0.005055 0.000002 0.000001 0.000975 0.00101
935 0.005057 0.000002 0.000001 0.000975 0.00101
936 0.005057 0.000002 0.000001 0.000975 0.00101
937 0.005058 0.000002 0.000001 0.000975 0.001011
938 0.005058 0.000002 0.000001 0.000975 0.001011
939 0.005059 0.000002 0.000001 0.000975 0.001011
940 0.00506 0.000002 0.000001 0.000976 0.001011
941 0.005059 0.000002 0.000001 0.000975 0.001011
942 0.005061 0.000003 0.000001 0.000976 0.001011
943 0.005063 0.000002 0 0.000976 0.001012
944 0.005063 0.000002 0.000001 0.000976 0.001012
945 0.005065 0.000003 0.000001 0.000977 0.001012
946 0.005064 0.000003 0.000001 0.000976 0.001012
947 0.005064 0.000003 0.000001 0.000977 0.001012
948 0.005065 0.000003 0.000001 0.000977 0.001012
949 0.005066 0.000003 0.000001 0.000977 0.001012
950 0.005064 0.000004 0.000001 0.000976 0.001012
951 0.005064 0.000004 0.000001 0.000977 0.001012
952 0.005065 0.000004 0.000001 0.000977 0.001012
953 0.004558 0.000004 0.000001 0.000977 0.001012
954 0.004054 0.000005 0.000001 0.000977 0.001013
955 0.004053 0.000004 0.000001 0.000977 0.001012
956 0.004055 0.000005 0.000001 0.000977 0.001013
957 0.004057 0.000005 0.000002 0.000978 0.001013
958 0.004059 0.000006 0.000002 0.000978 0.001014
959 0.004061 0.000006 0.000002 0.000489 0.001014
960 0.004063 0.000006 0.000002 0 0.001015
961 0.004065 0.000007 0.000002 0 0.001015
962 0.004063 0.000007 0.000002 0 0.001015
963 0.004066 0.000008 0.000003 0 0.001016
964 0.004069 0.000008 0.000003 0 0.001016
965 0.004073 0.000009 0.000003 0 0.001017
966 0.004075 0.00001 0.000003 0 0.001018
967 0.004078 0.000011 0.000003 0 0.001019
968 0.00408 0.000011 0.000004 0 0.001019
969 0.00408 0.000012 0.000004 0 0.001019
970 0.00408 0.000013 0.000004 0 0.001019
971 0.00408 0.000014 0.000004 0 0.001019
972 0.004079 0.000014 0.000005 0 0.001019
973 0.004078 0.000015 0.000005 0 0.001019
974 0.004076 0.000016 0.000005 0 0.001018
975 0.004076 0.000017 0.000005 0 0.001018
976 0.004075 0.000018 0.000006 0 0.001018
977 0.004074 0.000018 0.000006 0 0.001018
978 0.004075 0.000019 0.000006 0 0.001018
979 0.004584 0.000021 0.000006 0 0.001018
980 0.005095 0.000023 0.000006 0 0.001018
981 0.005096 0.000024 0.000007 0 0.001018
982 0.005098 0.000024 0.000007 0 0.001019
983 0.005099 0.000024 0.000007 0 0.001019
984 0.0051 0.000025 0.000007 0 0.001019
985 0.005099 0.000025 0.000007 0 0.001019
986 0.0051 0.000025 0.000007 0 0.001019
987 0.0051 0.000025 0.000007 0 0.001019
988 0.005101 0.000025 0.000007 0 0.001019
989 0.005101 0.000025 0.000007 0 0.001019
990 0.005102 0.000025 0.000007 0 0.00102
991 0.005103 0.000025 0.000007 0 0.00102
992 0.005102 0.000025 0.000007 0 0.001019
993 0.005103 0.000025 0.000007 0 0.00102
994 0.005103 0.000024 0.000007 0 0.00102
995 0.005103 0.000024 0.000007 0 0.00102
996 0.005103 0.000024 0.000007 0 0.00102
997 0.005106 0.000024 0.000007 0 0.00102
998 0.005107 0.000024 0.000007 0 0.00102
999 0.005106 0.000023 0.000006 0 0.00102
1000 0.005107 0.000023 0.000006 0 0.00102
1001 0.002553 0.000025 0.000008 0.000492 0.00102
1002 0 0.000026 0.00001 0.000984 0.00102
1003 0 0.000026 0.00001 0.000984 0.00102
1004 0 0.000026 0.00001 0.000984 0.001019
1005 0 0.000026 0.00001 0.000983 0.001019
1006 0 0.000026 0.000009 0.000983 0.001019
1007 0 0.000026 0.00001 0.000983 0.001018
1008 0 0.000026 0.00001 0.000983 0.001018
1009 0 0.000027 0.00001 0.000982 0.001018
1010 0 0.000027 0.00001 0.000982 0.001018
1011 0 0.000027 0.00001 0.000982 0.001018
1012 0 0.000027 0.00001 0.000982 0.001018
1013 0 0.000027 0.00001 0.000982 0.001018
1014 0 0.000028 0.00001 0.000983 0.001019
1015 0 0.000026 0.00001 0.000983 0.001019
1016 0 0.000025 0.00001 0.000984 0.001019
1017 0 0.000025 0.000009 0.000984 0.00102
1018 0 0.000026 0.000007 0.000984 0.00102
1019 0 0.000026 0.000007 0.000984 0.00102
1020 0 0.000026 0.000007 0.000984 0.00102
1021 0 0.000025 0.000008 0.000984 0.001019
1022 0 0.000023 0.000008 0.000983 0.001019
1023 0 0.000024 0.000008 0.000983 0.001019
1024 0 0.000024 0.000008 0.000983 0.001019
1025 0 0.000024 0.000008 0.000492 0.001019
1026 0 0.000025 0.000008 0 0.001019
1027 0 0.000023 0.000006 0 0.00102
1028 0 0.000021 0.000004 0 0.00102
1029 0 0.000021 0.000004 0 0.00102
1030 0 0.000021 0.000004 0 0.001019
1031 0 0.000022 0.000004 0 0.001019
1032 0 0.000022 0.000004 0 0.001019
1033 0 0.00002 0.000004 0 0.001018
1034 0 0.000018 0.000004 0 0.001018
1035 0 0.000018 0.000004 0 0.001018
1036 0 0.000018 0.000004 0 0.001018
1037 0 0.000018 0.000004 0 0.001018
1038 0 0.000018 0.000004 0 0.001018
1039 0 0.000018 0.000004 0 0.001018
1040 0 0.000018 0.000004 0 0.001019
1041 0 0.000018 0.000004 0 0.00102
1042 0 0.000018 0.000004 0 0.00102
1043 0 0.000018 0.000004 0 0.001021
1044 0 0.000018 0.000004 0 0.001021
1045 0 0.000018 0.000004 0 0.00102
1046 0 0.000018 0.000004 0 0.001019
1047 0 0.000018 0.000004 0 0.001018
1048 0 0.000018 0.000004 0 0.001018
1049 0 0.000018 0.000004 0 0.001017
1050 0 0.000018 0.000004 0 0.001016
1051 0 0.000018 0.000004 0 0.001016
1052 0 0.000018 0.000004 0 0.001015
1053 0 0.000017 0.000004 0 0.001015
1054 0 0.000017 0.000004 0 0.001015
1055 0 0.000017 0.000004 0 0.001015
1056 0 0.000017 0.000004 0 0.001015
1057 0 0.000017 0.000004 0 0.001016
1058 0 0.000017 0.000004 0 0.001016
1059 0 0.000017 0.000004 0 0.001016
1060 0 0.000017 0.000004 0 0.001016
1061 0 0.000017 0.000004 0 0.001015
1062 0 0.000017 0.000004 0 0.001014
1063 0 0.000017 0.000004 0 0.001013
1064 0 0.000017 0.000004 0 0.001011
1065 0 0.000017 0.000004 0 0.00101
1066 0 0.000017 0.000004 0 0.001009
1067 0 0.000017 0.000004 0 0.001008
1068 0 0.000017 0.000004 0 0.001007
1069 0 0.000017 0.000004 0 0.001007
1070 0 0.000017 0.000004 0 0.001007
1071 0 0.000018 0.000004 0 0.001006
1072 0 0.000018 0.000004 0 0.001006
1073 0 0.000018 0.000004 0 0.001006
1074 0 0.000018 0.000004 0 0.001006
1075 0 0.000018 0.000004 0 0.001006
1076 0 0.000018 0.000004 0 0.001007
1077 0 0.000019 0.000005 0 0.001008
1078 0 0.000019 0.000005 0 0.001009
1079 0 0.000019 0.000005 0 0.00101
1080 0 0.000019 0.000005 0 0.00101
1081 0 0.00002 0.000005 0 0.00101
1082 0 0.00002 0.000005 0 0.00101
1083 0 0.00002 0.000005 0 0.001009
1084 0 0.000021 0.000005 0 0.001009
1085 0 0.000018 0.000005 0 0.001008
1086 0 0.000016 0.000005 0 0.001007
1087 0 0.000016 0.000005 0 0.001006
1088 0 0.000017 0.000005 0 0.001005
1089 0 0.000017 0.000006 0 0.001005
1090 0 0.000017 0.000006 0 0.001005
1091 0 0.000018 0.000006 0 0.001004
1092 0 0.000018 0.000006 0 0.001004
1093 0 0.000019 0.000006 0 0.001004
1094 0 0.000019 0.000006 0 0.001004
1095 0 0.00002 0.000003 0 0.001003
1096 0 0.00002 0 0 0.001003
1097 0 0.000021 0 0 0.001003
1098 0 0.000022 0 0 0.001002
1099 0 0.000022 0 0 0.001002
1100 0 0.000023 0 0 0.001001