400 0.005161 0.000212 0.000717 0.001599 0.001624
401 0.005348 0.000339 0.001144 0.001702 0.001728
402 0.005505 0.000396 0.001337 0.0018 0.001828
403 0.005652 0.00035 0.001098 0.001901 0.00177
404 0.005763 0.000302 0.000874 0.001995 0.001689
405 0.006035 0.000349 0.00101 0.00209 0.001768
406 0.006305 0.000452 0.001308 0.002183 0.001848
407 0.006376 0.00047 0.00136 0.002085 0.001491
408 0.006422 0.000348 0.001008 0.001969 0.002
409 0.006659 0.000241 0.000558 0.002041 0.001866
410 0.006876 0.000152 0.000293 0.002108 0.001713
411 0.006858 0.0001 0.000193 0.00217 0.001763
412 0.006834 0.000084 0.000163 0.002235 0.001816
413 0.00703 0.000085 0.000164 0.002299 0.001868
414 0.007205 0.000098 0.000189 0.002356 0.001914
415 0.00737 0.000127 0.000224 0.002169 0.001958
416 0.007535 0.000178 0.000286 0.001971 0.002002
417 0.007444 0.000264 0.000424 0.002015 0.002046
418 0.007334 0.000397 0.000639 0.002056 0.002088
419 0.007472 0.000587 0.000944 0.002094 0.002127
420 0.007604 0.000828 0.001331 0.002131 0.002165
421 0.007736 0.001101 0.00177 0.002168 0.002202
422 0.007863 0.001373 0.002208 0.002204 0.002238
423 0.007698 0.001609 0.002587 0.002238 0.002273
424 0.00754 0.001789 0.002876 0.002276 0.002311
425 0.007659 0.001903 0.003059 0.002023 0.002348
426 0.007771 0.001966 0.003161 0.001759 0.002382
427 0.007585 0.002013 0.002912 0.001786 0.002418
428 0.007396 0.002061 0.002651 0.001814 0.002456
429 0.007503 0.002115 0.002719 0.00184 0.002492
430 0.007616 0.002172 0.002793 0.001868 0.002529
431 0.007733 0.002224 0.00286 0.001897 0.002568
432 0.007846 0.002267 0.002916 0.001924 0.002606
433 0.007966 0.002302 0.002591 0.001954 0.002315
434 0.008065 0.002331 0.002248 0.001978 0.002009
435 0.008167 0.002362 0.002278 0.002003 0.002034
436 0.00827 0.002394 0.002309 0.002028 0.00206
437 0.008372 0.002826 0.002336 0.001711 0.002085
438 0.008465 0.003257 0.002356 0.001384 0.002108
439 0.008558 0.004093 0.002369 0.001399 0.002132
440 0.008654 0.004941 0.002383 0.001415 0.002155
441 0.009471 0.006222 0.0024 0.001429 0.002178
442 0.010303 0.007542 0.002425 0.001444 0.0022
443 0.011881 0.011042 0.002458 0.001457 0.002589
444 0.013502 0.01467 0.002497 0.001472 0.002989
445 0.020451 0.02759 0.002957 0.001858 0.003019
446 0.027489 0.040765 0.003419 0.002247 0.003043
447 0.044685 0.085973 0.003455 0.003023 0.00307
448 0.062069 0.131693 0.00348 0.003806 0.003092
449 0.08164 0.202333 0.003938 0.003832 0.003503
450 0.101508 0.273973 0.004404 0.00386 0.00392
451 0.112732 0.32965 0.004878 0.003881 0.003941
452 0.124235 0.386315 0.005361 0.003906 0.003967
453 0.129314 0.412083 0.005395 0.003928 0.003989
454 0.134517 0.437818 0.005425 0.003951 0.004013
455 0.13765 0.450585 0.005449 0.004369 0.004034
456 0.140781 0.46316 0.00547 0.00479 0.004054
457 0.143383 0.473446 0.005485 0.00521 0.004477
458 0.146177 0.484624 0.00551 0.00564 0.004909
459 0.149291 0.497013 0.005542 0.005664 0.004931
460 0.152349 0.508888 0.005567 0.005686 0.00495
461 0.154918 0.520037 0.005599 0.005704 0.004966
462 0.157741 0.53108 0.005629 0.005731 0.004989
463 0.159893 0.540363 0.00612 0.005338 0.005421
464 0.162076 0.549224 0.00661 0.004943 0.005857
465 0.16437 0.560179 0.006629 0.004962 0.005879
466 0.166715 0.57114 0.006648 0.004981 0.005902
467 0.168816 0.582992 0.007142 0.004993 0.006339
468 0.170982 0.595376 0.007644 0.005007 0.00678
469 0.172598 0.608579 0.008146 0.005435 0.006794
470 0.174252 0.621787 0.00865 0.005866 0.006808
471 0.175675 0.632216 0.008676 0.006305 0.006403
472 0.176916 0.641986 0.008694 0.00674 0.00599
473 0.177024 0.645865 0.008692 0.007166 0.005565
474 0.177297 0.649492 0.008687 0.007599 0.005145
475 0.178042 0.651749 0.00869 0.006767 0.005584
476 0.17866 0.653132 0.008682 0.005927 0.006019
477 0.180164 0.65739 0.008672 0.00551 0.006026
478 0.181681 0.661805 0.008665 0.005092 0.006034
479 0.184512 0.671997 0.009129 0.004674 0.00561
480 0.187306 0.682581 0.009597 0.004254 0.005184
481 0.189574 0.695166 0.01005 0.004256 0.004754
482 0.192033 0.708131 0.010507 0.004262 0.004329
483 0.194363 0.718813 0.010967 0.004266 0.003899
484 0.196745 0.72969 0.011428 0.00427 0.003469
485 0.200171 0.740072 0.011436 0.004706 0.003476
486 0.20353 0.751039 0.011452 0.005142 0.003481
487 0.206188 0.757597 0.0105 0.005571 0.003917
488 0.208699 0.764468 0.009551 0.005997 0.00435
489 0.211907 0.77458 0.009099 0.006858 0.004788
490 0.214829 0.783979 0.008636 0.007711 0.00522
491 0.217872 0.795692 0.007698 0.00771 0.00609
492 0.221326 0.809505 0.006772 0.007724 0.006973
493 0.223428 0.821448 0.006788 0.007292 0.00697
494 0.225279 0.832439 0.006796 0.006853 0.00696
495 0.226702 0.842188 0.006331 0.005999 0.006528
496 0.22803 0.851038 0.005856 0.005143 0.006093
497 0.229285 0.854272 0.005857 0.004713 0.006092
498 0.230343 0.856743 0.005853 0.00428 0.006085
499 0.230968 0.856963 0.005858 0.004283 0.006525
500 0.231205 0.855502 0.005852 0.00428 0.006954
501 0.231911 0.854129 0.006326 0.004277 0.007383
502 0.232421 0.852801 0.006798 0.00427 0.007806
503 0.233679 0.858622 0.007281 0.004696 0.008671
504 0.235038 0.865155 0.007771 0.005124 0.010945
505 0.237362 0.878692 0.008252 0.005544 0.009529
506 0.239874 0.894069 0.00875 0.005968 0.009525
507 0.243011 0.911221 0.010214 0.006812 0.009079
508 0.246442 0.928519 0.011681 0.007662 0.008646
509 0.25023 0.942621 0.014122 0.008084 0.008209
510 0.253613 0.954171 0.01652 0.008492 0.007761
511 0.258074 0.966009 0.021825 0.008482 0.007752
512 0.2627 0.977932 0.027115 0.008478 0.007749
513 0.267082 0.989164 0.041081 0.008056 0.00732
514 0.271258 1 0.054976 0.007627 0.006886
515 0.27526 0.993655 0.088131 0.007195 0.006448
516 0.279275 0.986939 0.12115 0.006765 0.006011
517 0.28242 0.918472 0.191302 0.006758 0.006005
518 0.285663 0.850899 0.261695 0.006753 0.006001
519 0.289558 0.721701 0.361533 0.006753 0.006001
520 0.293632 0.591652 0.461534 0.006758 0.006005
521 0.295579 0.458931 0.547861 0.007175 0.006001
522 0.297607 0.326105 0.633873 0.007594 0.005999
523 0.300878 0.242553 0.677702 0.008023 0.006433
524 0.303994 0.158718 0.720158 0.008448 0.006864
525 0.306501 0.119661 0.733342 0.008881 0.006872
526 0.308766 0.080587 0.745583 0.009307 0.006874
527 0.311604 0.063084 0.754555 0.009738 0.00731
528 0.314679 0.045776 0.765916 0.010177 0.007752
529 0.317718 0.037359 0.777812 0.009767 0.008194
530 0.320475 0.02894 0.790198 0.009347 0.00863
531 0.323455 0.02503 0.804858 0.008933 0.009072
532 0.326691 0.021096 0.819668 0.008524 0.009522
533 0.32934 0.018647 0.832657 0.008109 0.009969
534 0.331954 0.016161 0.84463 0.007693 0.010417
535 0.334763 0.014683 0.858019 0.007707 0.010436
536 0.337195 0.013182 0.870382 0.007713 0.010444
537 0.340012 0.0127 0.884842 0.007727 0.0109
538 0.343191 0.012222 0.8998 0.00775 0.011368
539 0.346101 0.011732 0.91456 0.007766 0.010954
540 0.348554 0.011245 0.92976 0.007771 0.010523
541 0.35066 0.010763 0.944685 0.008222 0.010547
542 0.352795 0.010289 0.960567 0.008674 0.010571
543 0.354067 0.010327 0.97311 0.009129 0.010596
544 0.355015 0.010353 0.984564 0.009578 0.010611
545 0.356035 0.010889 0.991759 0.010029 0.010628
546 0.356818 0.011419 0.998254 0.010475 0.010638
547 0.357942 0.011941 1 0.010495 0.011103
548 0.358769 0.012439 0.999766 0.010506 0.011559
549 0.359878 0.012955 0.998569 0.010539 0.011595
550 0.360786 0.013466 0.997056 0.010565 0.011624
551 0.361015 0.014455 0.99087 0.010572 0.011184
552 0.361829 0.015489 0.987931 0.010596 0.010761
553 0.361806 0.017033 0.984195 0.010167 0.009876
554 0.361596 0.018605 0.981965 0.009731 0.008984
555 0.361794 0.019705 0.98129 0.009305 0.00855
556 0.362037 0.02083 0.981394 0.008879 0.008116
557 0.361396 0.021956 0.98065 0.008441 0.008122
558 0.36105 0.023123 0.981294 0.00801 0.008134
559 0.360452 0.02322 0.981324 0.007571 0.008594
560 0.360048 0.023302 0.980713 0.007136 0.009059
561 0.360526 0.023369 0.98046 0.006699 0.009978
562 0.360732 0.023402 0.978768 0.006256 0.010891
563 0.362659 0.022365 0.97891 0.006273 0.011377
564 0.363538 0.02129 0.977434 0.006273 0.011831
565 0.36621 0.020785 0.97921 0.006287 0.011858
566 0.367863 0.020204 0.977392 0.006284 0.011852
567 0.369727 0.019661 0.977841 0.006285 0.011397
568 0.371977 0.019145 0.979666 0.006292 0.010954
569 0.374032 0.019148 0.979834 0.006745 0.00959
570 0.376346 0.019194 0.982184 0.007204 0.008231
571 0.37903 0.019211 0.979951 0.007662 0.007324
572 0.38206 0.01927 0.979898 0.008129 0.006421
573 0.384103 0.019817 0.976341 0.009036 0.006424
574 0.386287 0.020375 0.973269 0.009949 0.00643
575 0.388238 0.02093 0.970503 0.010856 0.006431
576 0.390429 0.021499 0.968337 0.011771 0.006437
577 0.390967 0.022046 0.965134 0.012679 0.006438
578 0.392371 0.02264 0.963921 0.013618 0.006454
579 0.391255 0.022646 0.96051 0.013611 0.006912
580 0.390846 0.022678 0.958219 0.013629 0.007382
581 0.389684 0.022737 0.957579 0.012743 0.007857
582 0.388605 0.022773 0.955973 0.011857 0.008336
583 0.386235 0.022223 0.955091 0.010943 0.009261
584 0.384285 0.021679 0.954489 0.010041 0.010197
585 0.382825 0.021116 0.949383 0.008681 0.010672
586 0.381878 0.020577 0.945308 0.007328 0.011163
587 0.381451 0.019943 0.918065 0.006871 0.011164
588 0.381487 0.019258 0.88848 0.006421 0.011179
589 0.381316 0.018473 0.809406 0.005967 0.011188
590 0.381677 0.017503 0.723904 0.00552 0.011212
591 0.382181 0.016751 0.594449 0.005067 0.011227
592 0.383155 0.015574 0.461218 0.004618 0.011255
593 0.384296 0.013941 0.330612 0.004163 0.010335
594 0.385233 0.011975 0.213339 0.003705 0.009407
595 0.38698 0.010131 0.135117 0.003713 0.008955
596 0.38852 0.008243 0.075083 0.003719 0.008497
597 0.391041 0.006525 0.044053 0.003725 0.008038
598 0.393207 0.00508 0.022949 0.003727 0.00757
599 0.395836 0.004019 0.013471 0.003734 0.00711
600 0.398594 0.00318 0.007302 0.003742 0.00665
601 0.402505 0.002525 0.004429 0.003747 0.006184
602 0.406414 0.002026 0.002548 0.003753 0.005716
603 0.410134 0.001671 0.001612 0.004225 0.006198
604 0.414554 0.001396 0.000984 0.004707 0.006693
605 0.41945 0.001151 0.000678 0.004714 0.006702
606 0.42431 0.000961 0.000463 0.00472 0.00671
607 0.430045 0.000784 0.000324 0.005197 0.008157
608 0.436963 0.000647 0.000223 0.00569 0.009632
609 0.443651 0.000541 0.000168 0.00617 0.011087
610 0.450878 0.000454 0.000125 0.006659 0.012559
611 0.459038 0.00038 0.0001 0.007617 0.013537
612 0.467075 0.000319 0.00008 0.008574 0.014512
613 0.476102 0.000263 0.000063 0.009542 0.014536
614 0.485963 0.00022 0.000051 0.010531 0.014583
615 0.495986 0.000185 0.000041 0.012464 0.013145
616 0.505813 0.000156 0.000033 0.014397 0.011697
617 0.515986 0.000134 0.000029 0.018267 0.010252
618 0.525798 0.000118 0.000026 0.022134 0.008796
619 0.536892 0.0001 0.00002 0.027975 0.007838
620 0.547699 0.000087 0.000016 0.033824 0.00687
621 0.556364 0.00008 0.000015 0.045928 0.006874
622 0.565211 0.000071 0.000013 0.058062 0.006879
623 0.572913 0.000067 0.000012 0.080846 0.006883
624 0.581403 0.000063 0.000011 0.103793 0.006896
625 0.588969 0.000059 0.00001 0.148091 0.007397
626 0.597018 0.000055 0.000009 0.192638 0.007905
627 0.601087 0.000053 0.00001 0.267111 0.008894
628 0.605801 0.00005 0.00001 0.341973 0.009895
629 0.608607 0.000051 0.00001 0.439994 0.012385
630 0.611192 0.000047 0.000009 0.538079 0.014876
631 0.614245 0.000051 0.00001 0.62801 0.018364
632 0.618325 0.000049 0.00001 0.719296 0.021895
633 0.621047 0.000052 0.000011 0.771512 0.023396
634 0.623381 0.000054 0.000011 0.823253 0.024883
635 0.629421 0.000057 0.000013 0.845601 0.023466
636 0.634443 0.000058 0.000013 0.866649 0.022004
637 0.639052 0.000059 0.000016 0.874458 0.019491
638 0.644354 0.000061 0.000019 0.883216 0.016999
639 0.652031 0.000062 0.000022 0.894644 0.015026
640 0.659 0.000067 0.000027 0.905104 0.013031
641 0.665949 0.000069 0.000033 0.916525 0.012036
642 0.673917 0.00007 0.000038 0.929353 0.011057
643 0.680383 0.000071 0.000047 0.938923 0.011047
644 0.688738 0.000069 0.000055 0.9511 0.011068
645 0.696424 0.000072 0.000061 0.958884 0.012085
646 0.704844 0.000075 0.000068 0.967671 0.013117
647 0.710444 0.000076 0.000068 0.97119 0.014631
648 0.717423 0.00008 0.000072 0.976585 0.016176
649 0.723258 0.000082 0.00007 0.979109 0.019229
650 0.72745 0.000085 0.000068 0.979409 0.022238
651 0.732654 0.000082 0.000059 0.983934 0.023792
652 0.737148 0.000082 0.000053 0.9875 0.025325
653 0.739133 0.00008 0.000047 0.989928 0.024817
654 0.742391 0.000081 0.000044 0.994062 0.024351
655 0.741907 0.00008 0.000039 0.995226 0.022292
656 0.744111 0.000075 0.000033 1 0.020311
657 0.743428 0.000073 0.00003 0.999267 0.017768
658 0.743549 0.000071 0.000028 0.999615 0.015243
659 0.742213 0.000071 0.000027 0.997374 0.013722
660 0.741721 0.000071 0.000026 0.996266 0.012215
661 0.737432 0.000072 0.000025 0.987977 0.011702
662 0.734559 0.000075 0.000024 0.981582 0.011212
663 0.730057 0.000073 0.000024 0.974049 0.01174
664 0.723734 0.000073 0.000025 0.964086 0.012239
665 0.716912 0.000073 0.000025 0.955648 0.014265
666 0.710744 0.000079 0.000027 0.94808 0.016302
667 0.705707 0.000077 0.000029 0.944718 0.019403
668 0.699639 0.00008 0.000032 0.939987 0.022486
669 0.693677 0.000086 0.000037 0.937228 0.025559
670 0.688066 0.000088 0.000041 0.93495 0.028649
671 0.683212 0.00009 0.000046 0.931918 0.027596
672 0.680023 0.000095 0.000053 0.931157 0.026609
673 0.677447 0.000099 0.00006 0.928122 0.022515
674 0.675203 0.000102 0.000066 0.925544 0.018431
675 0.674327 0.000108 0.000074 0.920205 0.01485
676 0.673406 0.000111 0.00008 0.914804 0.011267
677 0.673575 0.000116 0.000084 0.909675 0.009228
678 0.673099 0.000124 0.000089 0.903668 0.007178
679 0.672777 0.000128 0.000091 0.89819 0.00615
680 0.673183 0.000129 0.00009 0.893684 0.005128
681 0.674572 0.000133 0.000086 0.892468 0.005127
682 0.675976 0.000135 0.000081 0.891275 0.005125
683 0.679099 0.00014 0.000079 0.890148 0.00462
684 0.68246 0.000143 0.000076 0.889314 0.004115
685 0.684656 0.000147 0.000071 0.870592 0.004626
686 0.687023 0.000152 0.000066 0.852107 0.005139
687 0.687588 0.000158 0.000062 0.797929 0.006162
688 0.688806 0.000166 0.00006 0.744532 0.007191
689 0.688593 0.000172 0.000059 0.65583 0.009236
690 0.689904 0.00018 0.000058 0.56857 0.011302
691 0.688177 0.00019 0.000057 0.473347 0.013867
692 0.687106 0.000202 0.000057 0.378535 0.016446
693 0.68544 0.000209 0.000058 0.302801 0.015942
694 0.683867 0.000214 0.000059 0.227011 0.015438
695 0.681992 0.000216 0.000058 0.180073 0.012364
696 0.679023 0.000214 0.000056 0.132824 0.009267
697 0.676487 0.000205 0.000055 0.105881 0.007203
698 0.674323 0.000194 0.000054 0.07902 0.005144
699 0.673005 0.000174 0.000053 0.063944 0.004123
700 0.670297 0.000153 0.00005 0.04871 0.003092
701 0.666349 0.000131 0.000045 0.040034 0.002573
702 0.663629 0.000112 0.000041 0.031437 0.00206
703 0.661286 0.000093 0.000038 0.026397 0.002062
704 0.658394 0.000075 0.000034 0.021327 0.002063
705 0.654861 0.000061 0.00003 0.018254 0.00206
706 0.651168 0.00005 0.000026 0.015186 0.002056
707 0.652446 0.000042 0.000025 0.013197 0.002062
708 0.65259 0.000033 0.000022 0.011178 0.002064
709 0.653639 0.000028 0.00002 0.010154 0.002062
710 0.654854 0.000026 0.00002 0.009134 0.002061
711 0.658201 0.000024 0.00002 0.008122 0.002062
712 0.660862 0.000022 0.000019 0.007102 0.002061
713 0.66547 0.000018 0.000017 0.0066 0.002062
714 0.670062 0.000016 0.000016 0.006096 0.002064
715 0.673922 0.000015 0.000016 0.005581 0.002061
716 0.679029 0.000015 0.000017 0.005077 0.002063
717 0.682784 0.000013 0.000015 0.004567 0.002061
718 0.686638 0.000012 0.000015 0.004058 0.002061
719 0.689269 0.000014 0.000017 0.004061 0.002062
720 0.690828 0.000015 0.000018 0.004058 0.002061
721 0.690986 0.000013 0.000016 0.003546 0.002058
722 0.693815 0.000014 0.000017 0.003048 0.002063
723 0.694245 0.000016 0.000019 0.003047 0.002063
724 0.69411 0.000016 0.000019 0.003044 0.002061
725 0.693006 0.000018 0.000019 0.003042 0.00206
726 0.69265 0.000018 0.000018 0.003043 0.00206
727 0.691537 0.00002 0.000018 0.00304 0.002058
728 0.691228 0.000022 0.000018 0.003041 0.002059
729 0.691133 0.000027 0.000019 0.003043 0.00206
730 0.690667 0.000029 0.000019 0.003043 0.00206
731 0.689159 0.000033 0.000018 0.003043 0.00206
732 0.68666 0.000036 0.000017 0.003039 0.002058
733 0.684017 0.000034 0.000015 0.003039 0.002057
734 0.680596 0.000042 0.000016 0.003035 0.002055
735 0.677267 0.000043 0.000016 0.003032 0.002053
736 0.675873 0.000048 0.000016 0.003037 0.002056
737 0.673584 0.000044 0.000015 0.003041 0.002059
738 0.671154 0.000038 0.000014 0.003044 0.002061
739 0.669109 0.000032 0.000013 0.003044 0.002576
740 0.66671 0.000029 0.000012 0.003042 0.00309
741 0.664748 0.000029 0.000014 0.00304 0.003088
742 0.661705 0.000021 0.000011 0.003033 0.003081
743 0.660367 0.000014 0.000008 0.00303 0.003077
744 0.660252 0.000013 0.000008 0.003032 0.003079
745 0.660925 0.000012 0.000008 0.003538 0.003593
746 0.662369 0.000011 0.000008 0.004049 0.004112
747 0.662179 0.000008 0.000007 0.004047 0.004624
748 0.663237 0.000006 0.000005 0.004054 0.005146
749 0.664379 0.000006 0.000006 0.004051 0.005658
750 0.66378 0.000005 0.000004 0.004038 0.006152
751 0.665172 0.000005 0.000005 0.004542 0.007688
752 0.667757 0.000006 0.000006 0.005055 0.00924
753 0.67161 0.000005 0.000005 0.005567 0.011306
754 0.67379 0.000005 0.000005 0.006064 0.013344
755 0.677288 0.000005 0.000005 0.006059 0.017434
756 0.682161 0.000004 0.000005 0.006065 0.02156
757 0.688715 0.000005 0.000006 0.006574 0.029789
758 0.693238 0.000004 0.000005 0.007063 0.037916
759 0.699494 0.000006 0.000007 0.007569 0.053294
760 0.70544 0.000005 0.000006 0.008071 0.068645
761 0.713013 0.000005 0.000006 0.00858 0.099433
762 0.720136 0.000004 0.000005 0.009083 0.130172
763 0.728301 0.000005 0.000006 0.009082 0.184479
764 0.736802 0.000006 0.000008 0.009086 0.238885
765 0.74336 0.000006 0.000008 0.009576 0.318359
766 0.750866 0.000007 0.000009 0.010077 0.398099
767 0.758449 0.000007 0.00001 0.010075 0.483475
768 0.765518 0.000006 0.000009 0.010067 0.568443
769 0.773024 0.000008 0.000011 0.010582 0.632515
770 0.778886 0.000009 0.000013 0.011074 0.695244
771 0.783207 0.00001 0.000014 0.01107 0.726663
772 0.787108 0.000011 0.000015 0.01106 0.757658
773 0.792573 0.000012 0.000018 0.011072 0.771763
774 0.796571 0.000016 0.000023 0.011063 0.784442
775 0.799861 0.000016 0.000024 0.011562 0.792828
776 0.803871 0.000018 0.000027 0.012071 0.801929
777 0.808717 0.000022 0.000033 0.012059 0.810329
778 0.814277 0.000027 0.00004 0.012058 0.819439
779 0.819723 0.000029 0.000043 0.012557 0.828434
780 0.824883 0.000032 0.000048 0.013052 0.837137
781 0.829514 0.000035 0.000051 0.01353 0.84325
782 0.836903 0.000039 0.000058 0.014052 0.852166
783 0.842656 0.000042 0.00006 0.014538 0.85686
784 0.846947 0.000045 0.000062 0.014998 0.860072
785 0.852454 0.000046 0.00006 0.015487 0.865547
786 0.858711 0.000047 0.00006 0.015989 0.871783
787 0.863385 0.000049 0.000059 0.01697 0.87693
788 0.867474 0.00005 0.000058 0.017937 0.881481
789 0.873707 0.000052 0.000057 0.018948 0.888716
790 0.878269 0.000054 0.000056 0.019922 0.894251
791 0.884021 0.000052 0.00005 0.020922 0.90201
792 0.890465 0.000053 0.000048 0.021939 0.910476
793 0.894039 0.000051 0.000044 0.023409 0.916034
794 0.896924 0.000054 0.000043 0.024856 0.920881
795 0.902954 0.000055 0.000042 0.025907 0.928972
796 0.908596 0.000059 0.000042 0.026951 0.936672
797 0.910665 0.000062 0.000041 0.028417 0.940218
798 0.912539 0.00007 0.000044 0.029874 0.943559
799 0.912837 0.000072 0.000044 0.030298 0.946295
800 0.916035 0.000072 0.000043 0.030817 0.952031
801 0.917849 0.000074 0.000044 0.030827 0.956376
802 0.918028 0.000069 0.000041 0.030782 0.959015
803 0.920633 0.000072 0.000043 0.029791 0.963126
804 0.923065 0.000077 0.000046 0.028795 0.967057
805 0.926322 0.000078 0.000047 0.027809 0.970817
806 0.928849 0.000083 0.00005 0.026801 0.973813
807 0.933268 0.000085 0.000053 0.025805 0.976697
808 0.937256 0.000087 0.000056 0.024797 0.979131
809 0.94216 0.00009 0.000059 0.023814 0.981515
810 0.946383 0.000084 0.000057 0.022814 0.983189
811 0.952085 0.000096 0.000065 0.021825 0.986357
812 0.957356 0.000099 0.000068 0.020827 0.989079
813 0.961021 0.000113 0.000077 0.019817 0.990685
814 0.965346 0.000121 0.000083 0.018822 0.992975
815 0.969453 0.000129 0.000088 0.017805 0.994006
816 0.974067 0.000141 0.000098 0.0168 0.995566
817 0.977996 0.000153 0.000103 0.016304 0.997471
818 0.980298 0.000165 0.000108 0.015782 0.997721
819 0.984127 0.000185 0.000118 0.015278 0.999018
820 0.987641 0.000198 0.000122 0.01477 1
821 0.991228 0.000219 0.000133 0.014764 0.999568
822 0.994443 0.00023 0.000138 0.014752 0.998767
823 0.997484 0.000249 0.000144 0.014261 0.996803
824 0.998878 0.00027 0.00015 0.013747 0.993201
825 1 0.000281 0.000152 0.013748 0.989831
826 0.999989 0.000286 0.000151 0.013734 0.985343
827 0.998927 0.000295 0.000152 0.013727 0.979313
828 0.997971 0.000296 0.00015 0.01372 0.973391
829 0.994614 0.000294 0.000147 0.014191 0.96759
830 0.993116 0.000285 0.00014 0.014688 0.963599
831 0.99081 0.000276 0.000134 0.014683 0.958328
832 0.988728 0.00027 0.00013 0.014682 0.953275
833 0.984914 0.000258 0.000126 0.01467 0.948011
834 0.98115 0.000246 0.000121 0.014658 0.942798
835 0.979251 0.000233 0.000116 0.015133 0.938459
836 0.97826 0.000221 0.000111 0.015621 0.934993
837 0.976613 0.000205 0.000108 0.016098 0.930902
838 0.975554 0.000194 0.000106 0.016585 0.927372
839 0.975563 0.000186 0.000103 0.017064 0.924433
840 0.976432 0.000174 0.000098 0.017559 0.922308
841 0.974487 0.000163 0.000096 0.017532 0.918467
842 0.974107 0.000154 0.000096 0.017535 0.916104
843 0.975072 0.000145 0.000094 0.018012 0.912645
844 0.975972 0.00014 0.000095 0.018488 0.909131
845 0.976682 0.000132 0.000091 0.018492 0.90587
846 0.977446 0.000127 0.000088 0.018497 0.902658
847 0.976708 0.000117 0.000085 0.01895 0.897608
848 0.979145 0.000115 0.000088 0.019465 0.895477
849 0.97732 0.000107 0.000084 0.019438 0.890806
850 0.976087 0.000106 0.000084 0.019423 0.88668
851 0.976182 0.000098 0.000081 0.019445 0.885199
852 0.974118 0.00009 0.000077 0.019424 0.881759
853 0.969771 0.000083 0.000072 0.019396 0.877554
854 0.966036 0.00008 0.000071 0.019381 0.873903
855 0.95962 0.000077 0.000069 0.019321 0.867783
856 0.956341 0.000074 0.000068 0.019325 0.864501
857 0.953637 0.000066 0.000062 0.01935 0.862675
858 0.948213 0.000065 0.000063 0.019319 0.858388
859 0.94403 0.000062 0.000061 0.018812 0.853843
860 0.939251 0.000056 0.000056 0.018294 0.848761
861 0.93894 0.000045 0.000047 0.018355 0.848651
862 0.935034 0.000059 0.000062 0.018346 0.845293
863 0.931499 0.000038 0.000039 0.018325 0.841871
864 0.929858 0.00005 0.000051 0.018341 0.840159
865 0.928087 0.000039 0.000041 0.018325 0.838468
866 0.932521 0.000033 0.000035 0.018433 0.842382
867 0.932419 0.000045 0.000048 0.017946 0.84229
868 0.932536 0.000036 0.000038 0.017463 0.842396
869 0.92993 0.000048 0.00005 0.017898 0.83955
870 0.928738 0.00003 0.000032 0.018358 0.837983
871 0.93017 0.000042 0.000045 0.018386 0.839276
872 0.928112 0.00003 0.000031 0.018345 0.837418
873 0.926116 0.000036 0.000038 0.018325 0.836015
874 0.925494 0.000034 0.000036 0.018333 0.835851
875 0.920093 0.000036 0.000037 0.018294 0.832609
876 0.915591 0.000034 0.000034 0.018272 0.830175
877 0.90883 0.000032 0.000032 0.018705 0.825112
878 0.905778 0.000035 0.000036 0.019213 0.823415
879 0.899137 0.000034 0.000035 0.019176 0.810622
880 0.895989 0.000031 0.000031 0.019213 0.800978
881 0.893441 0.000036 0.000036 0.019253 0.773808
882 0.888133 0.000033 0.000034 0.019234 0.744219
883 0.885164 0.000024 0.000025 0.019212 0.688742
884 0.88388 0.000037 0.000037 0.019227 0.634594
885 0.883122 0.000025 0.000025 0.019669 0.558321
886 0.886056 0.000035 0.000034 0.020193 0.484363
887 0.886941 0.000022 0.000021 0.020202 0.407397
888 0.887654 0.000028 0.000027 0.020207 0.3303
889 0.878912 0.00002 0.000018 0.019706 0.267973
890 0.869426 0.000029 0.000027 0.019189 0.205593
891 0.838807 0.000024 0.000022 0.019159 0.163446
892 0.809697 0.00002 0.000019 0.019164 0.121639
893 0.751728 0.000029 0.000027 0.019155 0.096781
894 0.694053 0.000021 0.00002 0.019153 0.07197
895 0.614687 0.000025 0.000023 0.01868 0.057399
896 0.536033 0.000014 0.000012 0.018233 0.042881
897 0.454184 0.000018 0.000017 0.017746 0.034584
898 0.372672 0.000013 0.000012 0.017273 0.026312
899 0.308079 0.000016 0.000016 0.016791 0.021437
900 0.24331 0.000018 0.000019 0.016297 0.01655
901 0.19929 0.00001 0.000011 0.015852 0.01366
902 0.154872 0.000013 0.000015 0.015386 0.010742
903 0.126738 0.000009 0.000011 0.014402 0.009263
904 0.098928 0.000011 0.000013 0.013453 0.007807
905 0.081867 0.000009 0.00001 0.012985 0.006349
906 0.064763 0.00001 0.000011 0.012514 0.004888
907 0.054496 0.000007 0.000008 0.01156 0.004402
908 0.044148 0.000007 0.000007 0.010587 0.00391
909 0.03778 0.000007 0.000007 0.010108 0.003422
910 0.031394 0.000006 0.000006 0.009625 0.002932
911 0.026975 0.000006 0.000005 0.008661 0.002443
912 0.022507 0.000006 0.000006 0.00768 0.00195
913 0.020094 0.000005 0.000004 0.007212 0.001465
914 0.017651 0.000007 0.000006 0.006734 0.000977
915 0.015692 0.000003 0.000003 0.006254 0.000977
916 0.013739 0.000005 0.000004 0.005776 0.000978
917 0.012264 0.000005 0.000003 0.005294 0.000978
918 0.010799 0.000002 0.000002 0.004815 0.000978
919 0.010306 0.000005 0.000003 0.004333 0.000978
920 0.009824 0.000003 0.000002 0.003855 0.000979
921 0.008858 0.000004 0.000002 0.003379 0.000981
922 0.00787 0.000003 0.000001 0.002895 0.00098
923 0.007379 0.000004 0.000002 0.002896 0.00098
924 0.006892 0.000002 0.000001 0.002898 0.000981
925 0.006903 0.000004 0.000002 0.002419 0.000983
926 0.006898 0.000003 0.000001 0.001934 0.000982
927 0.00641 0.000002 0.000001 0.001935 0.000983
928 0.005917 0.000003 0.000001 0.001935 0.000983
929 0.00591 0.000002 0.000001 0.001933 0.000981
930 0.005909 0.000004 0.000002 0.001932 0.000981
931 0.005909 0.000003 0.000001 0.001449 0.000981
932 0.005906 0.000003 0.000001 0.000966 0.000981
933 0.005417 0.000002 0.000001 0.000966 0.000981
934 0.004931 0.000002 0.000001 0.000967 0.000982
935 0.004931 0.000002 0.000001 0.000968 0.000983
936 0.00493 0.000002 0.000001 0.000967 0.000982
937 0.004934 0.000002 0.000001 0.000968 0.000983
938 0.004936 0.000003 0.000001 0.000968 0.000984
939 0.004941 0.000003 0.000001 0.000969 0.000984
940 0.00495 0.000003 0.000001 0.000971 0.000986
941 0.004957 0.000003 0.000001 0.000973 0.000988
942 0.00496 0.000003 0.000001 0.000973 0.000988
943 0.004969 0.000002 0.000001 0.000975 0.00099
944 0.004975 0.000003 0.000001 0.000976 0.000991
945 0.004979 0.000004 0.000001 0.000977 0.000992
946 0.004976 0.000004 0.000001 0.000976 0.000992
947 0.004975 0.000004 0.000001 0.000976 0.000991
948 0.004976 0.000003 0.000001 0.000976 0.000992
949 0.00498 0.000004 0.000001 0.000977 0.000992
950 0.00498 0.000004 0.000001 0.000977 0.000992
951 0.004979 0.000005 0.000001 0.000977 0.000992
952 0.004977 0.000005 0.000001 0.000977 0.000992
953 0.004476 0.000005 0.000001 0.000976 0.000991
954 0.003976 0.000006 0.000002 0.000975 0.00099
955 0.003972 0.000005 0.000001 0.000974 0.000989
956 0.003974 0.000005 0.000002 0.000975 0.00099
957 0.00398 0.000006 0.000002 0.000976 0.000991
958 0.003983 0.000007 0.000002 0.000977 0.000992
959 0.003984 0.000007 0.000002 0.000489 0.000992
960 0.003981 0.000007 0.000002 0 0.000991
961 0.003983 0.000008 0.000003 0 0.000992
962 0.003986 0.000008 0.000003 0 0.000993
963 0.003987 0.000009 0.000003 0 0.000993
964 0.00399 0.00001 0.000003 0 0.000994
965 0.003992 0.000011 0.000003 0 0.000994
966 0.003995 0.000011 0.000004 0 0.000995
967 0.003994 0.000012 0.000004 0 0.000995
968 0.003991 0.000013 0.000004 0 0.000994
969 0.003988 0.000014 0.000005 0 0.000993
970 0.003986 0.000015 0.000005 0 0.000993
971 0.00399 0.000016 0.000005 0 0.000994
972 0.003989 0.000017 0.000005 0 0.000993
973 0.003989 0.000018 0.000006 0 0.000993
974 0.003989 0.000019 0.000006 0 0.000994
975 0.003992 0.000019 0.000006 0 0.000994
976 0.003991 0.00002 0.000006 0 0.000994
977 0.003991 0.000021 0.000007 0 0.000994
978 0.003995 0.000021 0.000007 0 0.000995
979 0.004497 0.000024 0.000007 0 0.000996
980 0.004998 0.000026 0.000007 0 0.000996
981 0.005 0.000027 0.000007 0 0.000996
982 0.005002 0.000028 0.000008 0 0.000997
983 0.005007 0.000028 0.000008 0 0.000998
984 0.005006 0.000029 0.000008 0 0.000998
985 0.005003 0.000029 0.000008 0 0.000997
986 0.005001 0.000029 0.000008 0 0.000997
987 0.005005 0.000029 0.000008 0 0.000997
988 0.005007 0.000029 0.000008 0 0.000998
989 0.005003 0.000029 0.000008 0 0.000997
990 0.005006 0.000029 0.000008 0 0.000997
991 0.005009 0.000029 0.000008 0 0.000998
992 0.00501 0.000029 0.000008 0 0.000998
993 0.00501 0.000028 0.000008 0 0.000998
994 0.005009 0.000028 0.000008 0 0.000998
995 0.005012 0.000028 0.000008 0 0.000999
996 0.005014 0.000028 0.000008 0 0.000999
997 0.005019 0.000027 0.000008 0 0.001
998 0.005021 0.000027 0.000008 0 0.001001
999 0.00502 0.000027 0.000007 0 0.001
1000 0.005021 0.000027 0.000007 0 0.001001
1001 0.00251 0.000029 0.000009 0.000492 0.001
1002 0 0.00003 0.000011 0.000984 0.001
1003 0 0.00003 0.000011 0.000984 0.001
1004 0 0.00003 0.000011 0.000985 0.001
1005 0 0.00003 0.000011 0.000985 0.001
1006 0 0.00003 0.000011 0.000985 0.001
1007 0 0.00003 0.000011 0.000985 0.001
1008 0 0.000031 0.000011 0.000985 0.001
1009 0 0.000031 0.000011 0.000984 0.001
1010 0 0.000031 0.000011 0.000984 0.001
1011 0 0.000031 0.000011 0.000985 0.001
1012 0 0.000032 0.000011 0.000985 0.001001
1013 0 0.000032 0.000011 0.000986 0.001001
1014 0 0.000032 0.000012 0.000986 0.001002
1015 0 0.00003 0.000012 0.000987 0.001002
1016 0 0.000029 0.000012 0.000986 0.001001
1017 0 0.000029 0.00001 0.000986 0.001001
1018 0 0.00003 0.000008 0.000987 0.001002
1019 0 0.00003 0.000008 0.000987 0.001003
1020 0 0.000031 0.000008 0.000988 0.001003
1021 0 0.000029 0.000009 0.000988 0.001004
1022 0 0.000027 0.000009 0.000989 0.001004
1023 0 0.000027 0.000009 0.000989 0.001004
1024 0 0.000028 0.000009 0.000988 0.001004
1025 0 0.000028 0.000009 0.000494 0.001003
1026 0 0.000028 0.000009 0 0.001003
1027 0 0.000027 0.000007 0 0.001004
1028 0 0.000024 0.000005 0 0.001005
1029 0 0.000024 0.000005 0 0.001005
1030 0 0.000025 0.000005 0 0.001005
1031 0 0.000025 0.000005 0 0.001005
1032 0 0.000025 0.000005 0 0.001005
1033 0 0.000023 0.000005 0 0.001004
1034 0 0.00002 0.000005 0 0.001004
1035 0 0.000021 0.000005 0 0.001005
1036 0 0.000021 0.000005 0 0.001006
1037 0 0.000021 0.000005 0 0.001006
1038 0 0.000021 0.000005 0 0.001005
1039 0 0.000021 0.000005 0 0.001006
1040 0 0.000021 0.000005 0 0.001006
1041 0 0.000021 0.000005 0 0.001006
1042 0 0.000021 0.000005 0 0.001007
1043 0 0.000021 0.000005 0 0.001008
1044 0 0.000021 0.000005 0 0.001008
1045 0 0.000021 0.000005 0 0.001008
1046 0 0.000021 0.000005 0 0.001007
1047 0 0.000021 0.000005 0 0.001007
1048 0 0.000021 0.000005 0 0.001008
1049 0 0.000021 0.000005 0 0.001008
1050 0 0.000021 0.000005 0 0.001008
1051 0 0.000021 0.000005 0 0.001008
1052 0 0.00002 0.000005 0 0.001007
1053 0 0.00002 0.000005 0 0.001007
1054 0 0.00002 0.000005 0 0.001006
1055 0 0.00002 0.000005 0 0.001007
1056 0 0.00002 0.000005 0 0.001007
1057 0 0.00002 0.000005 0 0.001008
1058 0 0.00002 0.000005 0 0.001008
1059 0 0.00002 0.000005 0 0.001008
1060 0 0.00002 0.000005 0 0.001007
1061 0 0.00002 0.000005 0 0.001007
1062 0 0.00002 0.000005 0 0.001007
1063 0 0.00002 0.000005 0 0.001007
1064 0 0.00002 0.000005 0 0.001007
1065 0 0.00002 0.000005 0 0.001008
1066 0 0.00002 0.000005 0 0.001008
1067 0 0.00002 0.000005 0 0.001007
1068 0 0.00002 0.000005 0 0.001007
1069 0 0.00002 0.000005 0 0.001006
1070 0 0.00002 0.000005 0 0.001007
1071 0 0.000021 0.000005 0 0.001007
1072 0 0.000021 0.000005 0 0.001007
1073 0 0.000021 0.000005 0 0.001007
1074 0 0.000021 0.000005 0 0.001006
1075 0 0.000021 0.000005 0 0.001006
1076 0 0.000022 0.000005 0 0.001005
1077 0 0.000022 0.000005 0 0.001004
1078 0 0.000022 0.000005 0 0.001004
1079 0 0.000022 0.000005 0 0.001004
1080 0 0.000023 0.000005 0 0.001004
1081 0 0.000023 0.000006 0 0.001004
1082 0 0.000023 0.000006 0 0.001003
1083 0 0.000024 0.000006 0 0.001003
1084 0 0.000024 0.000006 0 0.001003
1085 0 0.000021 0.000006 0 0.001002
1086 0 0.000019 0.000006 0 0.001002
1087 0 0.000019 0.000006 0 0.001002
1088 0 0.00002 0.000006 0 0.001002
1089 0 0.00002 0.000006 0 0.001002
1090 0 0.000021 0.000007 0 0.001003
1091 0 0.000021 0.000007 0 0.001004
1092 0 0.000021 0.000007 0 0.001004
1093 0 0.000022 0.000007 0 0.001004
1094 0 0.000023 0.000007 0 0.001003
1095 0 0.000023 0.000004 0 0.001003
1096 0 0.000024 0 0 0.001003
1097 0 0.000025 0 0 0.001004
1098 0 0.000025 0 0 0.001003
1099 0 0.000026 0 0 0.001003
1100 0 0.000027 0 0 0.001002