0   (User defined) 
25.13203   146.68377  6.04544    13.41569   8   20  (geometrical conditions) 
2   Midlatitude Summer 
1   Continental Model 
0   
0.4270   value 
0   (target level) 
-631 (sensor level) 
1   User's defined filtered function 
0.45    0.89    
0.226610   
0.395371   
0.494520   
0.555307   
0.591580   
0.619302   
0.626220   
0.655596   
0.693500   
0.720126   
0.733820   
0.781894   
0.831160   
0.870105   
0.874350   
0.873239   
0.905440   
0.944353   
0.971830   
0.957360   
0.971060   
0.961663   
0.924820   
0.912043   
0.877870   
0.862573   
0.844850   
0.824493   
0.812830   
0.775206   
0.761930   
0.738326   
0.732430   
0.705292   
0.697320   
0.699984   
0.696750   
0.705590   
0.723000   
0.747746   
0.778000   
0.837595   
0.883000   
0.920554   
0.947000   
0.977694   
0.985000   
0.983568   
0.972000   
0.962878   
0.968000   
0.972481   
0.982000   
0.974370   
0.971000   
0.952108   
0.935000   
0.934884   
0.927000   
0.907743   
0.894000   
0.904442   
0.912000   
0.913189   
0.922000   
0.937419   
0.947000   
0.947887   
0.949000   
0.958264   
0.958000   
0.956320   
0.956000   
0.948017   
0.941000   
0.926276   
0.925000   
0.915781   
0.920000   
0.925738   
0.934000   
0.937040   
0.943000   
0.936353   
0.934000   
0.934095   
0.942000   
0.942622   
0.953000   
0.961487   
0.977000   
0.983861   
0.995000   
0.999439   
0.998000   
0.996546   
0.990000   
0.977386   
0.971000   
0.967679   
0.962000   
0.952248   
0.946000   
0.939969   
0.924000   
0.912974   
0.908000   
0.899292   
0.890000   
0.882483   
0.874000   
0.869611   
0.866000   
0.860943   
0.859000   
0.862758   
0.863000   
0.862485   
0.861000   
0.860139   
0.855000   
0.851789   
0.840000   
0.830289   
0.813000   
0.817461   
0.828000   
0.832494   
0.844000   
0.849258   
0.859000   
0.864956   
0.868000   
0.874531   
0.876000   
0.873511   
0.872000   
0.872813   
0.875000   
0.872553   
0.867000   
0.868664   
0.876000   
0.872393   
0.868000   
0.863313   
0.867000   
0.874133   
0.868000   
0.867386   
0.858000   
0.853090   
0.847000   
0.833394   
0.819000   
0.803939   
0.792000   
0.779526   
0.761000   
0.749172   
0.743000   
0.734061   
0.730000   
0.729969   
0.727000   
0.721781   
0.723000   
0.717997   
0.721000   
0.722757   
0.729000   
0.733496   
0.738000   
0.746885   
0.747000   
0.742946   
0.734000   
0   Homogeneous surface 
0   No directional effects 
1   (mean spectral value) 
0   Atm. correction Lambertian 
-0.5  reflectance (negative value) 
